$ 1 0.000005 10.20027730826997 50 5 50
150 640 176 736 176 0 3 0 5
150 640 64 736 64 0 3 0 5
150 640 304 736 304 0 3 0 5
150 640 464 736 464 0 3 0 5
152 928 240 1056 240 0 4 0 5
I 544 -80 544 0 0 0.5 5
I 384 -80 384 0 0 0.5 5
w 640 192 544 192 0
w 640 480 544 480 0
w 544 -80 496 -80 0
w 496 -80 496 64 0
w 640 80 496 80 0
w 496 64 496 80 0
w 496 80 496 320 0
w 640 320 496 320 0
w 384 -80 304 -80 0
w 304 -80 304 32 0
w 640 48 304 48 0
w 304 32 304 48 0
w 304 48 304 160 0
w 640 160 304 160 0
w 384 0 384 272 0
w 640 288 384 288 0
w 384 272 384 288 0
w 384 288 384 448 0
w 384 448 640 448 0
w 736 64 848 64 0
w 928 208 880 208 0
w 880 208 880 64 0
w 880 64 848 64 0
w 736 176 832 176 0
w 832 224 832 176 0
w 928 224 832 224 0
w 928 256 832 256 0
w 736 304 832 304 0
w 832 304 832 256 0
w 928 272 880 272 0
w 880 272 880 464 0
w 880 464 736 464 0
s 112 -80 208 -80 0 1 false
s 112 -192 208 -192 0 1 false
w 256 -192 496 -192 0
w 496 -192 496 -80 0
w 256 -80 304 -80 0
s 112 64 208 64 0 1 false
s 112 176 208 176 0 1 false
s 112 304 208 304 0 1 false
s 112 464 208 464 0 1 false
w 640 64 256 64 0
w 640 176 256 176 0
w 640 304 256 304 0
w 640 464 256 464 0
R 0 -192 -80 -192 0 0 40 5 0 0 0.5
w 112 -192 112 -80 0
w 112 -80 112 64 0
w 112 64 112 176 0
w 112 176 112 304 0
w 112 304 112 464 0
162 1056 240 1056 304 2 default-led 1 0 0 0.01
g 1056 304 1056 336 0
x 159 -215 172 -212 4 24 L
x 152 -159 169 -156 4 24 H
x 170 152 183 155 4 24 L
x 176 278 189 281 4 24 L
x 171 436 184 439 4 24 L
x 155 -101 168 -98 4 24 L
x 169 37 182 40 4 24 L
x 152 -52 169 -49 4 24 H
x 165 92 182 95 4 24 H
w 544 0 544 192 0
w 544 192 544 480 0
x 159 210 176 213 4 24 H
x 156 333 173 336 4 24 H
x 160 494 177 497 4 24 H
x 209 -202 238 -199 4 24 A0
x 210 -91 239 -88 4 24 A1
x 206 54 236 57 4 24 D0
x 201 165 231 168 4 24 D1
x 206 287 236 290 4 24 D2
x 213 447 243 450 4 24 D3
s 0 -192 64 -192 0 1 false
w 112 -192 64 -192 0
x -18 -117 72 -114 4 24 POWER
x 15 -154 51 -151 4 24 ON
x 10 -231 57 -228 4 24 OFF
x 1031 216 1047 219 4 24 Y
162 256 304 256 368 2 default-led 1 0 0 0.01
162 256 176 256 240 2 default-led 1 0 0 0.01
162 256 64 256 128 2 default-led 1 0 0 0.01
162 256 -80 256 -16 2 default-led 1 0 0 0.01
162 256 -192 256 -128 2 default-led 1 0 0 0.01
162 256 464 256 528 2 default-led 1 0 0 0.01
g 256 528 256 544 0
g 256 368 256 384 0
g 256 240 256 256 0
g 256 128 256 144 0
g 256 -16 256 0 0
g 256 -128 256 -112 0
w 256 -192 208 -192 0
w 256 -80 208 -80 0
w 256 64 208 64 0
w 256 176 208 176 0
w 256 304 208 304 0
w 256 464 208 464 0
