$ 1 0.000005 14.841315910257661 48 5 50
v 32 224 32 144 0 1 10000 2 0 0 0.5
r 144 96 208 96 0 1000
s 48 96 96 96 0 1 false
w 32 144 32 96 0
w 112 96 144 96 0
w 208 144 208 160 0
w 144 272 32 272 0
w 32 272 32 224 0
w 32 96 48 96 0
g 32 272 32 304 0
x 43 82 50 85 4 13 1
x 121 89 128 92 4 13 2
x 222 247 229 250 4 13 3
l 208 96 208 144 0 0.01 0
w 112 64 112 96 0
w 96 96 112 96 0
c 208 192 208 240 0 1.0000000000000001e-7 0
w 208 160 208 192 0
x 44 263 51 266 4 13 5
w 208 240 208 272 0
w 208 272 144 272 0
207 112 64 160 64 0 TP1
207 208 96 272 96 0 TP2
207 208 192 272 192 0 TP3
207 208 272 256 272 0 TP4
x 63 117 78 120 4 13 S1
x 182 79 191 82 4 13 R
x 228 113 235 116 4 13 L
x 232 209 241 212 4 13 C
