$ 1 0.000005 14.841315910257661 48 5 50
v -48 224 -48 144 0 1 50 2 0 0 0.5
r 64 96 64 160 0 100
s -32 64 16 64 0 1 false
w -48 144 -48 96 0
w 16 64 64 64 0
w 64 176 64 192 0
w 64 304 -48 304 0
w -48 272 -48 224 0
w -48 64 -32 64 0
g -48 304 -48 336 0
x -39 54 -32 57 4 13 1
x 75 257 82 260 4 13 2
x 75 323 82 326 4 13 3
l 160 96 160 144 0 0.01 0
r 64 192 64 256 0 100
w 64 160 64 176 0
s 64 256 64 304 0 1 false
c 272 96 272 144 0 1.0000000000000001e-7 0
s 160 256 160 304 0 1 false
r 160 192 160 256 0 10
s 272 256 272 304 0 1 false
r 272 192 272 256 0 10
w 64 304 160 304 0
w 160 304 272 304 0
w 64 64 160 64 0
w 160 64 272 64 0
w 160 144 160 176 0
w 272 144 272 176 0
w 272 192 272 176 0
w 160 192 160 176 0
w -48 272 -48 304 0
w -48 64 -48 96 0
w 64 64 64 96 0
w 160 64 160 96 0
w 272 64 272 96 0
x 172 258 179 261 4 13 4
x 280 260 287 263 4 13 6
x 273 323 280 326 4 13 7
x 160 324 167 327 4 13 5
207 64 176 112 176 0 TP1
207 160 176 192 176 0 TP2
207 272 176 304 176 0 TP3
207 272 304 336 304 0 TP4
x 77 118 93 121 4 13 R1
x 179 114 193 117 4 13 L1
x 294 111 310 114 4 13 C1
x 77 214 93 217 4 13 R3
x 173 214 189 217 4 13 R4
x 283 216 299 219 4 13 R5
x 37 285 52 288 4 13 S2
x 135 283 150 286 4 13 S3
x 248 283 263 286 4 13 S4
x -11 78 4 81 4 13 S1
