$ 1 0.000005 10.20027730826997 50 5 50
r 832 112 928 112 0 680
t 896 224 928 224 0 1 0 0 100
R 576 112 528 112 0 0 40 12 0 0 0.5
s 576 112 640 112 0 1 false
w 640 112 720 112 0
w 720 112 720 128 0
w 720 352 720 368 0
w 832 368 880 368 0
g 896 368 896 384 0
207 928 208 1024 208 0 TP2
x 947 256 989 259 4 14 BC547
x 640 100 648 103 4 16 2
x 997 207 1005 210 4 16 5
x 1002 359 1010 362 4 16 6
w 896 368 912 368 0
w 752 112 720 112 0
w 816 112 832 112 0
207 720 224 672 224 0 TP1
x 572 97 580 100 4 16 1
x 702 220 710 223 4 16 3
w 720 368 704 368 0
x 689 360 697 363 4 16 4
x 866 91 881 94 4 12 R1
r 832 224 896 224 0 10000
w 720 288 720 272 0
r 832 224 832 288 0 1000
w 880 368 896 368 0
w 720 208 720 224 0
w 736 224 720 224 0
w 720 256 720 272 0
w 928 112 928 128 0
w 928 288 928 256 0
x 855 309 871 312 4 14 T1
w 672 368 704 368 0
x 845 200 860 203 4 12 R2
x 847 252 862 255 4 12 R3
x 894 306 909 309 4 12 R4
x 891 318 906 321 4 12 R5
x 947 237 963 240 4 12 Q1
x 733 163 747 166 4 12 S2
s 720 192 720 128 0 1 true
w 720 192 720 208 0
162 928 128 928 176 1 2.1024259 1 0 0 0.01
w 928 176 928 208 0
174 832 288 832 352 0 100000 0.5 Resistance
w 832 352 832 368 0
w 832 352 864 352 0
w 864 352 864 320 0
w 864 320 848 320 0
209 720 288 720 352 2 0.001 0 1
w 832 368 784 368 0
w 720 224 720 256 0
w 928 240 928 256 0
w 912 368 928 368 0
w 928 288 928 368 0
w 928 368 960 368 0
w 752 112 816 112 0
w 720 368 784 368 0
w 736 224 832 224 0
x 607 128 621 131 4 12 S1
207 960 368 1040 368 0 TP3
x 737 308 752 311 4 12 C1
