$ 1 0.000005 10.20027730826997 50 5 50
150 640 176 736 176 0 2 0 5
150 640 64 736 64 0 2 0 5
150 640 304 736 304 0 2 0 5
150 640 464 736 464 0 2 0 5
I 544 -80 544 0 0 0.5 5
I 384 -80 384 0 0 0.5 5
w 640 192 544 192 0
w 640 480 544 480 0
w 544 -80 496 -80 0
w 496 -80 496 64 0
w 640 80 496 80 0
w 496 64 496 80 0
w 496 80 496 320 0
w 640 320 496 320 0
w 384 -80 304 -80 0
w 304 -80 304 32 0
w 640 48 304 48 0
w 304 32 304 48 0
w 304 48 304 160 0
w 640 160 304 160 0
w 384 0 384 272 0
w 640 288 384 288 0
w 384 272 384 288 0
w 384 288 384 448 0
w 384 448 640 448 0
s 112 -80 208 -80 0 1 false
s 112 -192 208 -192 0 1 false
w 256 -192 496 -192 0
w 496 -192 496 -80 0
w 256 -80 304 -80 0
R 0 -192 -80 -192 0 0 40 5 0 0 0.5
w 112 -192 112 -80 0
x 159 -215 172 -212 4 24 L
x 152 -159 169 -156 4 24 H
x 155 -101 168 -98 4 24 L
x 152 -52 169 -49 4 24 H
w 544 0 544 192 0
w 544 192 544 480 0
x 209 -202 238 -199 4 24 A0
x 210 -91 239 -88 4 24 A1
s 0 -192 64 -192 0 1 false
w 112 -192 64 -192 0
x -18 -117 72 -114 4 24 POWER
x 15 -154 51 -151 4 24 ON
x 10 -231 57 -228 4 24 OFF
162 736 304 736 368 2 default-led 1 0 0 0.01
162 736 176 736 240 2 default-led 1 0 0 0.01
162 736 64 736 128 2 default-led 1 0 0 0.01
162 256 -80 256 -16 2 default-led 1 0 0 0.01
162 256 -192 256 -128 2 default-led 1 0 0 0.01
162 736 464 736 528 2 default-led 1 0 0 0.01
g 736 528 736 544 0
g 736 368 736 384 0
g 736 240 736 256 0
g 736 128 736 144 0
g 256 -16 256 0 0
g 256 -128 256 -112 0
w 256 -192 208 -192 0
w 256 -80 208 -80 0
x 745 42 774 45 4 24 Y0
x 759 181 788 184 4 24 Y1
x 761 306 790 309 4 24 Y2
x 756 463 785 466 4 24 Y3
