$ 3 0.000015625 10.20027730826997 66 5 50
172 -624 464 -720 464 0 6 28 28 0 0 0.5 Voltage
172 -592 -128 -688 -128 0 6 28 28 0 0 0.5 Voltage
S -592 -128 -512 -128 0 1 false 0 2
S -192 144 -96 144 0 1 false 0 2
w -192 144 -512 144 0
w -512 144 -512 -112 0
w -512 -144 -96 -144 0
w -96 -144 -96 128 0
w -96 -144 624 -144 0
w 624 -144 624 128 0
w 624 176 800 176 0
162 800 176 912 176 1 2.1024259 1 0 1 0.01
g 912 176 976 176 0
178 400 112 496 112 0 1 0.2 1.0463852007128006e-16 0.05 1000000 0.02 20
w -96 160 400 160 0
w 400 144 304 144 0
w 304 144 304 -64 0
w 304 -64 688 -64 0
s 688 -64 736 -64 0 1 false
162 736 -64 800 -64 1 2.1024259 0 0 1 0.01
g 800 -64 928 -64 0
178 448 416 528 416 0 3 0.2 0.000027999440088386514 0.05 1000000 0.02 20
w -624 464 448 448 0
S 704 512 768 512 0 0 false 0 2
S 888 424 968 424 0 0 false 0 2
g 768 528 768 576 0
g 968 440 968 488 0
w 448 464 448 512 0
w 448 512 704 512 0
w 704 512 704 344 0
w 704 344 888 344 0
w 888 344 888 424 0
w 400 160 400 112 0
w 496 96 528 96 0
w 528 96 528 240 0
w 528 240 416 240 0
w 416 240 416 320 0
w 416 320 448 320 0
w 528 304 640 304 0
w 640 304 640 240 0
w 640 240 800 240 0
162 800 240 912 240 1 2.1024259 0 1 0 0.01
g 912 240 976 240 0
w 624 176 624 336 0
w 528 336 624 336 0
172 -672 304 -768 304 0 6 28 28 0 0 0.5 Voltage
w -672 304 -160 304 0
162 -160 304 -64 304 1 2.1024259 1 1 0 0.01
w -64 304 -64 368 0
w -64 368 448 368 0
g 528 384 608 384 0
w -64 368 -64 704 0
162 -624 704 -64 704 1 2.1024259 1 1 0 0.01
w 448 416 448 464 0
w 496 128 624 128 0
s 64 560 528 560 0 0 false
w 528 432 528 560 0
g 64 560 0 560 0
172 -624 704 -720 704 0 6 28 28 0 0 0.5 Voltage
x -502 -157 -448 -154 4 24 FİRE
x -347 187 -165 190 4 24 ENG.BLEED\sSW
x 644 -95 994 -92 6 24 ENGINE\s1\sSTART\sVALVE\sOPEN
x 463 82 539 85 4 24 START
x 287 194 503 197 4 24 K\s21\sSTART\sRELAY
x -93 198 -57 201 4 24 ON
x -80 129 -33 132 4 24 OFF
x -685 -69 -521 -66 4 24 ENG.FİRE\sSW.
x -502 -91 -429 -88 4 24 NORM
x 484 157 590 160 4 24 CUT\sOUT
x 802 459 920 462 6 24 OVPR.SW.
x 538 450 604 453 4 24 OVHT
x 248 492 438 495 4 24 K\s9\sOVHT.RELAY
x 685 76 1010 79 6 28 BLEED\sAIR\sREGULATOR
x 887 157 1179 160 4 24 SOLENOID\sVALVE\sCLOSE
x 898 280 1177 283 4 24 SOLENOID\sVALVE\sOPEN
b 839 369 756 79 0
x 978 455 1063 458 4 24 220\sPSI
x 947 397 1020 400 4 24 NORM
x 776 500 849 503 4 24 NORM
x 620 545 729 548 4 24 OVHT.SW
x 780 548 898 551 4 24 490F/254C
x 217 618 403 621 4 24 TRIP/RESET\sSW
x 324 534 404 537 4 24 RESET
x -252 275 13 278 4 24 BLEED\sTRİF\sOFF\sLAMP
x -438 756 -260 759 4 24 MASTER\sCAUTI
w 624 128 624 168 0
w 624 168 624 176 0
