$ 1 0.000005 10.20027730826997 57 5 50
v 144 176 144 96 0 1 1000 1 0 0 0.5
w 128 208 144 208 0
r 400 112 400 176 0 10000
g 400 208 400 224 0
s 144 96 192 96 0 1 false
s -16 64 48 64 0 1 false
R -16 64 -48 64 0 0 40 12 0 0 0.5
w 144 208 288 208 0
w 400 176 400 208 0
207 400 112 432 112 0 TP2
207 144 96 96 96 0 TP1
207 400 208 432 208 0 TP3
x -22 55 -16 58 4 12 1
x 44 53 50 56 4 12 2
x 137 82 143 85 4 12 3
x 410 100 416 103 4 12 4
x 152 195 158 198 4 12 5
x 382 200 388 203 4 12 6
x 3 84 20 87 4 14 S1
x 159 107 176 110 4 14 S2
r 192 96 256 96 0 4700
r 304 48 368 48 0 10000
a 288 112 400 112 0 15 -15 1000000 0 0
w 256 96 288 96 0
w 288 208 400 208 0
w 288 128 288 208 0
w 144 176 144 208 0
w 304 48 288 48 0
w 288 48 288 96 0
w 368 48 400 48 0
w 400 48 400 112 0
x 213 70 230 73 4 14 R1
x 410 139 427 142 4 14 R2
x 328 28 342 31 4 14 Rf
o 0 64 0 4096 5 0.00009765625 0 2 0 3
