$ 1 0.000005 10.20027730826997 50 5 50
R 704 -96 656 -96 0 0 40 5 0 0 0.5
s 704 -96 784 -96 0 1 false
w 784 240 784 208 0
x 734 -78 753 -75 4 16 S1
x 1088 440 1122 443 4 16 XOR
x 782 -114 815 -111 4 16 VCC
207 1248 -80 1280 -80 0 TP1
x 1148 -92 1157 -89 4 14 Y
x 945 -94 954 -91 4 14 A
w 960 -80 912 -80 0
x 874 -98 893 -95 4 16 S2
x 837 -69 844 -66 4 14 L
x 839 -102 849 -99 4 14 H
x 1044 -109 1102 -106 4 16 INVERT
w 1024 -64 1024 -80 0
r 1024 -64 1024 0 0 330
w 832 -64 800 -64 0
w 832 -96 784 -96 0
162 960 -80 1024 -80 1 2.1024259 1 0 0 0.01
S 912 -80 832 -80 0 0 false 0 2
w 1056 -80 1024 -80 0
180 1088 272 1184 272 0 0.1 10000000000
w 1056 320 1056 272 0
w 1088 320 1088 304 0
r 1056 320 1056 384 0 330
r 1088 320 1088 384 0 330
162 992 304 1056 304 1 2.1024259 1 0 0 0.01
162 992 272 1056 272 1 2.1024259 1 0 0 0.01
w 1088 304 1056 304 0
w 1088 272 1056 272 0
w 1136 304 1136 288 0
207 1248 272 1280 272 0 TP3
162 1184 272 1248 272 1 2.1024259 1 0 0 0.01
w 992 304 944 304 0
w 992 272 944 272 0
x 905 306 924 309 4 16 S5
x 897 232 916 235 4 16 S4
w 944 304 944 320 0
w 944 256 944 272 0
S 944 320 864 320 0 0 false 0 2
S 944 256 864 256 0 0 false 0 2
w 864 240 784 240 0
w 864 304 784 304 0
w 784 240 784 304 0
w 800 336 864 336 0
w 800 336 800 272 0
w 800 272 864 272 0
w 1248 384 1168 384 0
w 1168 384 1088 384 0
w 1088 384 1056 384 0
w 1056 384 800 384 0
w 800 384 800 336 0
x 981 251 990 254 4 14 A
x 972 324 991 327 4 14 CE
x 1011 241 1159 244 4 16 TRI-STATE\sBUFFER
x 861 232 871 235 4 14 H
x 859 297 869 300 4 14 H
x 864 268 871 271 4 14 L
x 858 328 865 331 4 14 L
w 1200 -80 1248 -80 0
w 1216 80 1248 80 0
w 1056 80 1024 80 0
S 912 80 832 80 0 0 false 0 2
162 960 80 1024 80 1 2.1024259 1 0 0 0.01
162 1168 80 1216 80 1 2.1024259 1 0 0 0.01
w 832 64 784 64 0
w 832 96 800 96 0
r 1024 96 1024 160 0 330
w 1024 96 1024 80 0
x 1047 52 1111 55 4 16 BUFFER
x 839 58 849 61 4 14 H
x 837 91 844 94 4 14 L
x 876 58 895 61 4 16 S3
w 960 80 912 80 0
x 945 66 954 69 4 14 A
x 1171 71 1180 74 4 14 Y
207 1248 80 1280 80 0 TP2
180 1056 80 1120 80 0 0.1 10000000000
w 784 -96 784 64 0
w 784 64 784 208 0
w 800 272 800 160 0
w 800 96 800 0 0
207 1248 384 1280 384 0 TP4
w 1248 0 1024 0 0
w 1024 0 800 0 0
w 1248 160 1024 160 0
w 1024 160 800 160 0
w 800 160 800 96 0
w 800 0 800 -64 0
g 1056 384 1056 400 0
w 1088 96 1088 208 0
w 1088 208 784 208 0
I 1056 -80 1120 -80 0 0.5 5
w 1120 -80 1152 -80 0
w 1120 80 1168 80 0
r 1248 -64 1248 0 0 330
w 1248 -64 1248 -80 0
w 1248 96 1248 80 0
r 1248 96 1248 160 0 330
w 1248 320 1248 272 0
r 1248 320 1248 384 0 330
x 1195 262 1204 265 4 14 Y
I 1088 304 1136 304 0 0.5 5
162 1152 -80 1200 -80 1 2.1024259 1 0 0 0.01
o 6 64 0 4096 5 0.00009765625 0 2 6 3
