$ 1 0.000005 14.841315910257661 48 5 50
v 32 224 32 144 0 1 50 2 0 0 0.5
r 144 96 144 160 0 1000
c 144 208 144 256 0 1.0000000000000001e-7 0
s 48 96 96 96 0 1 false
w 32 144 32 96 0
w 96 96 144 96 0
w 144 160 144 208 0
w 144 256 144 272 0
w 144 272 32 272 0
w 32 272 32 224 0
w 32 96 48 96 0
g 32 272 32 304 0
x 36 88 43 91 4 13 1
x 135 86 142 89 4 13 2
x 172 262 179 265 4 13 5
207 144 96 192 96 0 TP1
207 144 160 176 160 0 3
207 144 208 208 208 0 TP2
x 156 122 165 125 4 13 R
x 128 251 137 254 4 13 C
x 172 201 179 204 4 13 4
207 144 272 208 272 0 TP3
o 2 64 0 4096 10 0.0015625 0 2 2 3
