$ 1 0.000005 10.20027730826997 57 5 50
s -80 96 -80 48 0 1 false
g 80 240 80 256 0
207 352 16 400 16 0 TP2
207 -80 16 -128 16 0 TP1
x -62 77 -45 80 4 14 S1
x -94 -2 -88 1 4 12 1
x -70 178 -64 181 4 12 2
x 105 -2 111 1 4 12 3
x 169 70 175 73 4 12 6
v -80 112 -80 160 0 1 50 1 0 0 0.5
s 112 16 160 16 0 1 false
s 112 80 160 80 0 1 false
x 132 31 149 34 4 14 S2
x 127 97 144 100 4 14 S3
x 174 6 180 9 4 12 4
s 112 144 160 144 0 1 false
x 127 166 144 169 4 14 S4
r 352 64 352 128 0 1000
w -80 48 -80 16 0
w -80 96 -80 112 0
w -80 16 -32 16 0
c 192 16 240 16 0 1e-9 0
c 192 80 240 80 0 1e-8 0
c 192 144 240 144 0 1.0000000000000001e-7 0
w 352 192 352 224 0
w 352 224 240 224 0
w 240 224 144 224 0
w 144 224 80 224 0
w 80 224 80 240 0
w 80 224 -80 224 0
w -80 192 -80 160 0
x 114 63 120 66 4 12 5
x 171 132 177 135 4 12 8
x 113 128 119 131 4 12 7
207 352 224 400 224 0 TP3
x 361 90 378 93 4 14 R1
x 209 -20 226 -17 4 14 C1
x 205 55 222 58 4 14 C2
x 204 120 221 123 4 14 C3
w 32 16 80 16 0
w 80 16 80 80 0
w 80 80 112 80 0
w 80 80 80 144 0
w 80 144 112 144 0
w 80 16 112 16 0
w 160 16 192 16 0
w 160 80 192 80 0
w 160 144 192 144 0
w 240 144 288 144 0
w 288 144 288 80 0
w 240 80 288 80 0
w 288 80 288 16 0
w 240 16 288 16 0
w 352 64 352 16 0
w 352 16 288 16 0
w 352 128 352 192 0
w -32 16 32 16 0
w -80 192 -80 224 0
x 348 8 354 11 4 12 9
207 -80 -16 -32 -16 0 TP1
w -80 -16 -80 16 0
