$ 1 0.000005 10.20027730826997 50 5 50
s 288 208 352 208 0 1 false
w 288 208 240 208 0
x 311 235 342 238 4 16 CLK
155 432 176 528 176 0 0
v 240 272 240 208 0 2 50 5 0 0 0.5
g 480 320 480 368 0
w 240 272 240 320 0
w 240 320 368 320 0
w 368 320 368 352 0
w 368 320 480 320 0
w 480 320 688 320 0
w 368 208 432 208 0
w 432 176 400 176 0
w 400 176 400 112 0
w 400 112 592 112 0
w 592 112 592 240 0
w 528 240 592 240 0
w 528 176 688 176 0
w 368 208 368 224 0
w 368 208 352 208 0
x 283 192 290 195 4 14 1
x 378 355 385 358 4 14 2
x 666 305 673 308 4 14 4
x 662 167 669 170 4 14 3
x 701 161 734 164 4 18 TP3
x 468 309 501 312 4 18 TP2
x 381 236 414 239 4 18 TP1
