$ 1 0.000015625 10.20027730826997 66 5 50
178 288 64 384 64 0 2 0.2 0 0.05 1000000 0.02 20
w -288 -80 176 -80 0
w 176 -80 176 96 0
w 176 96 288 96 0
w 288 112 288 208 0
w 288 208 832 208 0
162 896 80 1008 80 1 2.1024259 1 0 0 0.01
r 832 208 976 208 0 1000
r 384 80 896 80 0 819.9999999999999
w 240 64 240 -80 0
w 176 -80 288 -80 0
g 1008 80 1120 80 0
162 896 -80 1008 -80 1 2.1024259 1 0 0 0.01
162 896 -16 1008 -16 1 2.1024259 1 0 0 0.01
w 1008 -16 1008 80 0
w 896 -16 896 80 0
w 1008 -80 1008 -16 0
w 896 -80 896 -16 0
174 1040 160 1184 176 0 1000 0.005 Resistance
w 1056 208 1120 208 0
w 976 208 1056 208 0
172 -352 -80 -448 -80 0 6 28 28 0 0 0.5 Voltage
w 288 -80 240 -80 0
w 240 64 288 64 0
174 1040 288 1184 272 0 1000 0.005 Resistance
w 1200 160 1200 288 0
w 1120 256 976 256 0
w 976 256 976 304 0
g 976 304 976 352 0
w 1120 256 1120 272 0
g 64 240 0 240 0
w -304 16 288 16 0
162 528 -64 640 -64 1 2.1024259 1 0 0 0.01
w 384 32 528 32 0
w 528 32 528 -64 0
g 800 -48 800 -16 0
r 640 -64 688 -64 0 1000
s 64 240 112 240 0 0 true
w 112 240 976 240 0
w 976 240 976 208 0
x 862 -102 1115 -99 4 24 FIRE\sWARNING\sLIGHT
x 771 -80 825 -77 4 24 FIRE
x 558 -98 742 -95 4 24 ENG\s1\sFIRE\sSW.
S 688 -64 768 -64 0 1 false 0 2
x 715 -20 788 -17 4 24 NORM
w 832 -80 832 416 0
w 768 416 336 416 0
162 336 416 240 416 1 2.1024259 1 1 1 0.01
r 240 416 176 416 0 1000
g 176 416 112 416 0
S 256 368 304 368 0 0 false 0 2
172 -368 368 -464 368 0 6 28 28 0 0 0.5 Voltage
172 -368 16 -464 16 0 6 28 28 20 0 0.5 Voltage
w -304 368 256 368 0
162 448 -80 448 -128 1 2.1024259 1 1 0 0.01
w 448 -80 448 368 0
w 304 384 448 384 0
w 448 368 448 384 0
r 448 -128 448 -160 0 1000
g 448 -160 448 -192 0
b 163 503 256 336 0
x 144 524 265 527 4 24 R\sBOOTLE
x 260 454 354 457 4 24 SQUIB\s1
x 320 378 405 381 4 24 250\sPSI
x 192 -106 432 -103 4 20 R\sBOOTLE\sDISCHARGED
x 1008 322 1158 325 4 24 FIRE\sLOOP\sB
x 1019 148 1169 151 4 24 FIRE\sLOOP\sA
x -459 -103 -233 -100 4 20 ENGİNE\s1\sFIRE\sDET.C/B
x -459 54 -130 57 4 20 MASTER\sWARNING\sIND.CONT.\sC/B
x -499 347 -285 350 4 20 FIRE\sPROT.EXT.RIGHT
x 1173 314 1290 317 4 24 580F-850F
211 880 512 880 544 0 1 8000 1
w 896 80 896 352 0
S 896 352 896 384 0 0 false 0 2
w 880 432 880 512 0
x 889 466 947 469 4 24 BELL
x 931 390 1141 393 4 24 BELL\sCUTOUT\sSW
x 28 205 150 208 4 24 FIRE\sTEST
x 1186 147 1303 150 4 24 580F-850F
s -368 368 -304 368 0 1 false
s -352 -80 -288 -80 0 1 false
s -368 16 -304 16 0 1 false
162 880 384 880 432 1 2.1024259 1 0 0 0.01
g 880 512 880 528 0
w 1120 176 1120 208 0
w 768 -80 832 -80 0
w 768 416 832 416 0
w 768 -48 800 -48 0
