$ 1 0.000005 10.20027730826997 50 5 50
r 720 128 720 208 0 1
t 784 240 832 240 0 1 0 0 100
R 576 112 528 112 0 0 40 12 0 0 0.5
s 576 112 640 112 0 1 false
w 640 112 720 112 0
w 720 112 720 128 0
w 672 240 720 240 0
w 720 240 720 208 0
w 720 240 720 272 0
w 832 256 832 272 0
w 832 272 832 288 0
w 720 352 720 368 0
w 720 368 832 368 0
g 832 368 832 384 0
207 832 224 928 224 0 TP2
x 847 259 889 262 4 14 BC547
x 640 100 647 103 4 14 2
x 905 211 912 214 4 14 5
x 899 358 906 361 4 14 6
w 832 368 848 368 0
r 752 112 816 112 0 680
w 752 112 720 112 0
w 816 112 832 112 0
162 832 144 832 192 1 2.1024259 1 0 0 0.01
w 832 112 832 144 0
w 832 192 832 224 0
w 832 288 832 368 0
207 672 240 624 240 0 TP1
x 572 97 579 100 4 14 1
x 687 231 694 234 4 14 3
w 720 368 704 368 0
x 692 358 699 361 4 14 4
x 742 177 770 180 4 14 NTC
r 720 240 784 240 0 1000
174 720 288 720 336 0 50000 0.5 Resistance
w 720 288 720 272 0
w 720 352 752 352 0
w 752 352 752 320 0
w 752 320 736 320 0
x 603 134 622 137 4 16 S1
207 848 368 928 368 0 TP3
x 771 90 791 93 4 16 R1
x 744 223 764 226 4 16 R2
x 740 311 758 314 4 16 T1
x 848 242 869 245 4 16 Q1
