$ 1 0.000005 10.20027730826997 50 5 50
s 560 112 624 112 0 1 false
R 528 112 496 112 0 0 40 5 0 0 0.5
w 560 112 528 112 0
x 585 130 604 133 4 16 S1
x 559 101 566 104 4 14 1
f 752 256 800 256 0 1.5 0.02
162 928 224 928 272 1 2.1024259 1 0 0 0.01
r 928 272 928 336 0 1000
w 624 112 688 112 0
w 800 208 800 240 0
w 624 352 560 352 0
w 624 352 688 352 0
w 688 352 800 352 0
w 800 272 800 352 0
w 800 352 816 352 0
x 564 337 571 340 4 14 4
x 641 194 648 197 4 14 3
x 623 100 630 103 4 14 2
x 947 199 954 202 4 14 5
x 673 227 692 230 4 16 S2
x 818 255 839 258 4 16 Q2
x 815 276 883 279 4 16 IRF/U120
g 688 352 688 368 0
f 752 160 800 160 1 1.5 0.02
w 800 176 800 208 0
w 752 256 736 256 0
w 736 256 736 224 0
w 752 160 736 160 0
w 736 160 736 208 0
w 736 224 736 208 0
w 736 208 704 208 0
v 624 224 624 304 0 2 4 5 0 0 0.5
w 656 208 624 208 0
w 624 208 624 224 0
w 624 304 624 352 0
w 688 112 800 112 0
w 800 112 800 144 0
w 800 208 928 208 0
w 816 352 928 352 0
w 928 208 928 224 0
w 928 336 928 352 0
w 928 208 944 208 0
w 928 352 944 352 0
x 945 341 952 344 4 14 6
x 941 292 961 295 4 16 R1
x 814 166 835 169 4 16 Q1
x 810 189 882 192 4 16 IRFR9120
s 656 208 704 208 0 1 false
207 944 208 976 208 0 TP2
207 944 352 960 352 0 TP3
207 736 208 752 208 0 TP1
x 949 251 972 254 4 12 LED
x 785 137 794 140 4 14 S
x 783 191 793 194 4 14 D
x 778 229 788 232 4 14 D
x 780 287 789 290 4 14 S
