$ 1 0.000005 10.20027730826997 50 5 50
150 640 304 736 304 0 2 0 5
150 640 464 736 464 0 2 0 5
I 544 -144 544 -64 0 0.5 5
w 640 480 544 480 0
s 208 16 304 16 0 1 false
R 16 -144 -64 -144 0 0 40 5 0 0 0.5
w 544 0 544 176 0
w 544 176 544 480 0
s 16 -144 80 -144 0 1 false
w 128 -144 80 -144 0
x -2 -69 88 -66 4 24 POWER
x 31 -106 67 -103 4 24 ON
x 26 -183 73 -180 4 24 OFF
x 999 70 1028 73 4 24 Y0
162 368 -144 368 -80 2 default-led 1 0 0 0.01
162 928 400 1072 400 2 default-led 1 0 0 0.01
162 944 96 1088 96 2 default-led 1 0 0 0.01
162 368 16 368 80 2 default-led 1 0 0 0.01
g 368 -80 368 -64 0
g 1072 400 1072 416 0
g 1088 96 1088 112 0
g 368 80 368 96 0
x 981 377 1010 380 4 24 Y1
151 640 160 736 160 0 2 0 5
151 640 32 736 32 0 2 0 5
152 832 400 928 400 0 2 0 5
151 848 96 944 96 0 2 0 5
w 848 80 816 80 0
w 816 80 816 32 0
w 816 32 736 32 0
w 848 112 816 112 0
w 816 112 816 160 0
w 816 160 736 160 0
w 832 384 784 384 0
w 784 384 784 304 0
w 784 304 736 304 0
w 832 416 784 416 0
w 784 416 784 464 0
w 784 464 736 464 0
w 640 176 544 176 0
w 544 -144 480 -144 0
w 480 -144 480 -16 0
w 640 48 480 48 0
w 480 48 480 320 0
w 640 320 480 320 0
w 640 16 368 16 0
w 640 288 368 288 0
w 640 144 368 144 0
w 640 448 368 448 0
x 248 -116 265 -113 4 24 H
x 247 -173 260 -170 4 24 L
s 224 -144 320 -144 0 1 false
w 480 -144 368 -144 0
w 368 -144 320 -144 0
x 212 -74 305 -71 4 24 SELECT
s 208 288 304 288 0 1 false
s 208 144 304 144 0 1 false
s 208 448 304 448 0 1 false
g 368 208 368 224 0
162 368 144 368 208 2 default-led 1 0 0 0.01
g 368 352 368 368 0
162 368 288 368 352 2 default-led 1 0 0 0.01
162 368 448 368 512 2 default-led 1 0 0 0.01
g 368 512 368 528 0
w 368 16 304 16 0
w 368 144 304 144 0
w 368 288 304 288 0
w 368 448 304 448 0
w 544 -64 544 0 0
w 480 -16 480 48 0
w 208 448 160 448 0
w 160 448 160 288 0
w 208 288 160 288 0
w 160 288 160 144 0
w 208 144 160 144 0
w 160 144 160 16 0
w 208 16 160 16 0
w 160 16 160 -144 0
w 128 -144 160 -144 0
w 224 -144 160 -144 0
x 317 54 346 57 4 24 A0
x 314 184 343 187 4 24 A1
x 322 332 351 335 4 24 B0
x 311 487 340 490 4 24 B1
x 214 48 231 51 4 24 H
x 221 -8 234 -5 4 24 L
x 216 180 233 183 4 24 H
x 223 124 236 127 4 24 L
x 204 324 221 327 4 24 H
x 211 268 224 271 4 24 L
x 210 484 227 487 4 24 H
x 217 428 230 431 4 24 L
