$ 1 0.000005 10.20027730826997 50 5 50
R 176 128 128 128 0 0 40 5 0 0 0.5
R 192 240 112 240 0 0 40 5 0 0 0.5
S 272 128 336 128 0 0 false 0 2
l 608 112 688 112 0 1 0
l 608 176 688 176 0 1 0
162 688 144 624 144 1 2.1024259 1 0 0 0.01
w 688 112 688 144 0
S 496 112 528 112 0 0 false 1 2
S 480 192 528 192 0 0 false 1 2
w 336 112 496 112 0
w 336 144 336 192 0
w 336 192 480 192 0
w 528 176 608 176 0
w 176 128 272 128 0
S 272 240 304 240 0 0 false 0 2
w 192 240 272 240 0
l 608 272 688 272 0 1 0
g 768 272 784 272 0
162 688 272 720 272 1 2.1024259 1 0 0 0.01
b 694 305 624 240 0
r 720 272 768 272 0 1000
w 304 256 304 272 0
w 624 144 560 144 0
w 560 144 560 256 0
w 304 272 560 272 0
w 560 272 608 272 0
w 560 256 560 272 0
w 608 112 544 112 0
w 544 112 544 128 0
w 544 128 528 128 0
w 688 144 688 176 0
x 314 258 335 261 4 20 off
x 309 217 331 220 4 20 on
x 207 163 320 166 4 20 eng.1\sfire\ssw
x 346 153 373 156 4 20 fire
x 568 80 806 83 4 20 EDP\s1\ssupply\sshutoff\svalve
x 532 94 576 97 4 20 open
x 531 209 577 212 4 20 close
x 214 294 428 297 4 20 eng\s1\shyd\spomp\ssw\s(p5)
x 634 280 683 283 4 24 EDP
x 699 240 802 243 4 18 Normal\sopen
x 50 118 262 121 4 18 hyd\ssys\s\sshutoof\svalve\sC/B
x 51 224 286 227 4 14 hyd\ssys\s\seng.pump\sdepress\svalve\sC/B
