$ 1 0.000005 0.8729138363720133 84 5 50
R 96 128 48 128 0 0 400 10 0 0 0.5
s 96 128 128 128 0 1 false
R 96 304 48 304 0 0 400 10 0 0 0.5
s 96 304 128 304 0 1 false
S 464 128 416 128 0 1 false 1 3
S 464 304 416 304 0 1 false 1 3
w 128 128 336 128 0
w 336 128 336 112 0
w 336 112 416 112 0
w 336 128 336 144 0
w 336 144 416 144 0
w 128 304 336 304 0
w 336 304 336 288 0
w 336 288 416 288 0
w 336 304 336 320 0
w 336 320 416 320 0
w 464 128 640 128 0
169 640 336 704 336 0 4 1 0 0 0
w 464 304 464 320 0
w 464 320 464 336 0
w 464 336 640 336 0
g 640 400 640 416 0
g 704 400 704 416 0
g 960 432 992 432 0
w 960 400 960 432 0
w 960 320 960 400 0
w 960 288 960 320 0
w 944 432 960 432 0
162 912 432 944 432 1 2.1024259 1 1 1 0.01
w 896 432 912 432 0
w 896 400 896 432 0
w 896 368 896 400 0
162 912 288 960 288 1 2.1024259 1 0 0 0.01
w 896 288 912 288 0
w 896 320 896 288 0
w 896 368 896 320 0
w 704 368 896 368 0
x 968 309 1153 312 4 20 Left\sfwd\swing\stip\slight
x 973 405 1154 408 4 20 Left\stail\sposition\slight
x 551 220 752 223 4 18 Right\s\sposition\slights\sxfmr
x 549 445 733 448 4 18 Left\sposition\slights\sxfmr
x 294 57 467 60 4 20 Position\sSwitch(P5)
x 422 167 471 170 4 16 Steady
x 374 310 400 313 4 20 Off
x 376 134 402 137 4 20 Off
x 973 197 1167 200 4 20 Right\stail\sposition\slight
x 968 101 1166 104 4 20 Right\sfwd\swing\stip\slight
w 896 160 896 112 0
w 896 112 896 80 0
w 896 80 912 80 0
162 912 80 960 80 1 2.1024259 0 1 0 0.01
w 896 160 896 192 0
w 896 192 896 224 0
w 896 224 912 224 0
162 912 224 944 224 1 2.1024259 1 1 1 0.01
w 944 224 960 224 0
w 960 80 960 112 0
w 960 112 960 192 0
w 960 192 960 224 0
g 960 224 992 224 0
169 640 128 704 128 0 4 1 0 0 0
w 704 160 896 160 0
g 640 192 640 208 0
g 704 192 704 208 0
x 46 279 263 282 4 16 Exterior\slight\sPosition\sRight\sc/b
x 45 108 246 111 4 16 Exterior\slight\sPosition\sleft\sc/b
S 464 192 400 192 0 1 false 1 3
S 448 384 368 384 0 1 false 1 3
w 144 368 368 368 0
w 448 384 528 384 0
w 528 384 528 480 0
w 528 480 816 480 0
w 400 176 144 176 0
w 464 192 592 192 0
w 592 192 592 256 0
w 592 256 800 256 0
b 737 503 785 445 0
b 731 288 779 230 0
w 816 480 912 480 0
g 960 480 992 480 0
w 800 256 880 256 0
162 880 256 960 256 1 2.1024259 1 1 1 0.01
g 960 256 992 256 0
w 144 368 144 176 0
w 144 176 112 176 0
s 80 176 112 176 0 1 false
R 80 176 16 176 0 1 400 10 0 0 0.5
162 912 480 960 480 1 2.1024259 1 1 1 0.01
x 559 541 862 544 4 18 Left\swing\stip\sAnti/coll\slight\spower\ssuply
x 562 307 877 310 4 18 Right\swing\stip\sAnti/coll\slight\spower\ssuply
x 404 367 536 370 4 16 Strobe\sand\sSteady
x 417 281 549 284 4 16 Strobe\sand\sSteady
x 429 109 561 112 4 16 Strobe\sand\sSteady
x 379 338 428 341 4 16 Steady
x 397 420 446 423 4 16 Steady
x 363 198 389 201 4 20 Off
x 331 391 357 394 4 20 Off
x 1007 472 1192 475 4 20 Left\sfwd\swing\stip\slight
x 1007 251 1205 254 4 20 Right\sfwd\swing\stip\slight
w 816 512 912 512 0
162 912 512 960 512 1 2.1024259 1 1 1 0.01
g 960 512 992 512 0
x 1010 514 1148 517 4 20 Tail\sstrobe\s\slight
x 44 203 283 206 4 16 Exterior\slighting\sAnti-coll.white\sc/b
w 816 512 480 512 0
w 464 512 464 336 0
w 480 512 464 512 0
