$ 1 0.000005 10.20027730826997 50 5 50
r 720 128 720 208 0 4700
t 816 240 864 240 0 1 0 0 100
R 576 112 528 112 0 0 40 12 0 0 0.5
s 576 112 640 112 0 1 false
w 640 112 720 112 0
w 720 112 720 128 0
w 720 352 720 368 0
w 720 368 816 368 0
g 832 368 832 384 0
207 864 224 960 224 0 TP2
x 883 256 925 259 4 14 BC547
x 640 100 647 103 4 14 2
x 927 217 934 220 4 14 5
x 911 357 918 360 4 14 6
w 832 368 848 368 0
w 752 112 720 112 0
w 752 112 768 112 0
w 864 128 864 160 0
207 672 240 624 240 0 TP1
x 572 97 579 100 4 14 1
x 687 231 694 234 4 14 3
w 720 368 704 368 0
x 689 360 696 363 4 14 4
x 735 162 750 165 4 12 R1
r 736 224 800 224 0 22000
w 720 288 720 272 0
t 672 240 720 240 0 1 0 0 100
r 864 160 864 224 0 4700
r 816 304 816 368 0 22000
w 816 368 832 368 0
w 720 208 720 224 0
w 736 224 720 224 0
w 720 256 720 272 0
w 816 288 816 304 0
w 816 240 816 224 0
w 816 224 800 224 0
w 816 240 816 288 0
w 768 112 864 112 0
w 864 112 864 128 0
w 720 288 864 288 0
w 864 288 864 256 0
x 733 258 775 261 4 14 BC547
v 672 288 672 336 0 1 1000 5 0 0 0.5
w 672 336 672 368 0
w 672 368 704 368 0
s 672 288 672 240 0 1 false
x 877 184 892 187 4 12 R2
x 782 213 797 216 4 12 R3
x 732 313 747 316 4 12 R4
x 827 327 842 330 4 12 R5
x 732 245 748 248 4 12 Q1
r 720 288 720 352 0 220
x 885 242 901 245 4 12 Q2
x 592 133 606 136 4 12 S1
x 634 275 648 278 4 12 S2
207 848 368 960 368 0 TP3
