$ 1 0.000005 10.20027730826997 50 5 50
R 176 64 128 64 0 0 40 12 0 0 0.5
s 176 64 224 64 0 0 false
x 191 85 208 88 4 14 S1
177 400 144 352 192 1 0 0 0.01 0.0082 50
203 160 160 240 160 0 500 100000000 30 0.01
206 400 272 368 352 0 0.01 0.008199999999999999 100 false
j 176 304 224 304 32 -4 0.00125
x 156 141 173 144 4 14 A1
x 343 198 353 201 4 14 G
x 395 135 404 138 4 14 A
x 396 213 405 216 4 14 K
x 234 139 251 142 4 14 A2
x 393 370 410 373 4 14 A1
x 392 262 409 265 4 14 A2
x 217 275 234 278 4 14 B2
x 220 345 237 348 4 14 B1
x 149 306 158 309 4 14 E
