$ 1 0.000005 10.20027730826997 50 5 50
d 576 176 640 176 1 0.805904783
d 576 336 640 336 1 0.805904783
r 768 208 768 288 0 1000
g 768 352 768 384 0
w 640 176 640 336 0
w 640 176 768 176 0
w 768 176 768 208 0
w 768 288 768 320 0
w 768 352 768 336 0
w 768 320 768 336 0
w 768 336 704 336 0
w 704 336 704 256 0
w 704 256 576 256 0
w 576 176 544 176 0
w 576 256 544 256 0
w 576 336 544 336 0
w 592 144 576 144 0
w 576 144 576 176 0
w 576 336 576 368 0
w 576 368 592 368 0
x 780 240 789 243 4 13 R
x 752 328 759 331 4 13 6
x 570 132 577 135 4 13 4
x 766 167 773 170 4 13 5
x 495 168 502 171 4 14 1
x 497 251 504 254 4 14 2
x 498 323 505 326 4 14 3
207 592 144 624 144 0 TP1
207 768 176 816 176 0 TP2
207 768 336 800 336 0 TP4
207 592 368 624 368 0 TP3
169 384 224 480 224 0 4 0.08 0 0 0
v 352 288 288 288 0 1 50 220 0 0 0.5
w 480 176 480 224 0
w 480 176 544 176 0
w 480 256 544 256 0
w 480 288 480 336 0
w 480 336 544 336 0
w 352 288 384 288 0
s 288 224 336 224 0 1 false
w 336 224 384 224 0
w 288 224 288 288 0
x 306 239 321 242 4 13 S1
x 601 198 617 201 4 13 D1
x 601 322 617 325 4 13 D2
o 34 64 0 4099 0.0000762939453125 0.00009765625 0 2 34 3
