$ 1 0.000005 10.20027730826997 57 5 50
s -80 96 -80 48 0 1 false
g 80 208 80 224 0
207 368 16 416 16 0 TP2
207 -80 16 -128 16 0 TP1
x -62 77 -45 80 4 14 S1
x -81 1 -75 4 4 12 1
x -70 178 -64 181 4 12 2
x 132 3 138 6 4 12 3
x 223 97 229 100 4 12 6
v -80 112 -80 160 0 1 50 1 0 0 0.5
s 144 96 144 48 0 1 false
s 240 96 240 48 0 1 false
x 156 77 173 80 4 14 S2
x 258 73 275 76 4 14 S3
x 128 98 134 101 4 12 4
s 352 96 352 48 0 1 false
x 365 66 382 69 4 14 S4
r -32 16 32 16 0 1000
w -80 48 -80 16 0
w -80 96 -80 112 0
w -80 16 -32 16 0
w 32 16 144 16 0
w 144 16 240 16 0
w 240 48 240 16 0
w 144 48 144 16 0
w 240 16 352 16 0
w 352 16 352 48 0
w 352 16 368 16 0
c 144 112 144 160 0 1e-9 0
c 240 112 240 160 0 1e-8 0
c 352 112 352 160 0 1.0000000000000001e-7 0
w 144 96 144 112 0
w 240 96 240 112 0
w 352 96 352 112 0
w 352 160 352 192 0
w 352 192 240 192 0
w 240 160 240 192 0
w 240 192 144 192 0
w 144 160 144 192 0
w 144 192 80 192 0
w 80 192 80 208 0
w 80 192 -80 192 0
w -80 192 -80 160 0
x 233 3 239 6 4 12 5
x 366 95 372 98 4 12 8
x 346 0 352 3 4 12 7
207 352 192 400 192 0 TP3
x -14 -6 3 -3 4 14 R1
x 161 124 178 127 4 14 C1
x 256 126 273 129 4 14 C2
x 372 124 389 127 4 14 C3
