$ 1 0.000005 10.20027730826997 50 5 50
R 704 0 656 0 0 0 40 5 0 0 0.5
s 704 0 784 0 0 1 false
w 1056 80 1024 80 0
w 1056 112 1024 112 0
S 912 64 832 64 0 0 false 0 2
162 960 80 1024 80 1 2.1024259 1 0 0 0.01
162 1184 80 1280 80 1 2.1024259 1 0 0 0.01
162 960 112 1024 112 1 2.1024259 1 0 0 0.01
S 912 128 832 128 0 0 false 0 2
w 912 64 912 80 0
w 912 112 912 128 0
w 832 112 784 112 0
w 832 48 784 48 0
w 832 80 800 80 0
w 832 144 800 144 0
w 800 80 800 144 0
w 784 112 784 48 0
w 784 48 784 0 0
r 1056 144 1056 208 0 330
r 1024 144 1024 208 0 330
w 1056 144 1056 112 0
w 1024 144 1024 80 0
w 1024 208 1040 208 0
w 1040 208 1056 208 0
x 730 23 749 26 4 16 S1
x 1063 38 1162 41 4 16 FULL\sADDER
x 783 -15 816 -12 4 16 VCC
x 839 42 849 45 4 14 H
x 837 75 844 78 4 14 L
x 840 140 847 143 4 14 L
x 841 108 851 111 4 14 H
x 876 42 895 45 4 16 S2
x 873 114 892 117 4 16 S3
w 960 80 912 80 0
w 960 112 912 112 0
x 945 66 954 69 4 14 A
x 947 105 956 108 4 14 B
x 1244 133 1253 136 4 14 Y
207 1360 80 1392 80 0 TP1
207 1280 144 1312 144 0 TP2
x 1252 322 1261 325 4 14 Y
x 947 361 956 364 4 14 B
x 945 322 954 325 4 14 A
w 960 368 912 368 0
w 960 336 912 336 0
x 873 370 892 373 4 16 S5
x 876 298 895 301 4 16 S4
x 841 364 851 367 4 14 H
x 840 396 847 399 4 14 L
x 837 331 844 334 4 14 L
x 839 298 849 301 4 14 H
x 1070 299 1171 302 4 16 HALF\sADDER
w 1040 464 1056 464 0
w 1024 464 1040 464 0
g 1024 464 1024 480 0
w 1024 400 1024 336 0
w 1056 400 1056 368 0
r 1024 400 1024 464 0 330
r 1056 400 1056 464 0 330
w 784 304 784 256 0
w 784 368 784 304 0
w 800 336 800 400 0
w 832 400 800 400 0
w 832 336 800 336 0
w 832 304 784 304 0
w 832 368 784 368 0
w 912 368 912 384 0
w 912 320 912 336 0
S 912 384 832 384 0 0 false 0 2
162 960 368 1024 368 1 2.1024259 1 0 0 0.01
162 1184 336 1280 336 1 2.1024259 1 0 0 0.01
162 960 336 1024 336 1 2.1024259 1 0 0 0.01
S 912 320 832 320 0 0 false 0 2
w 1056 368 1024 368 0
w 1056 336 1024 336 0
w 784 112 784 256 0
w 1280 208 1056 208 0
w 1008 208 800 208 0
w 800 144 800 208 0
w 1008 208 1024 208 0
w 800 208 800 336 0
w 800 400 800 464 0
w 800 464 1024 464 0
w 1056 464 1280 464 0
207 1280 464 1312 464 0 TP5
196 1072 80 1104 80 0
195 1072 336 1120 336 0
w 1168 80 1184 80 0
w 1168 336 1184 336 0
162 1184 144 1280 144 1 2.1024259 1 0 0 0.01
162 1184 368 1280 368 1 2.1024259 1 0 0 0.01
w 1168 368 1184 368 0
w 1056 80 1072 80 0
w 1056 112 1072 112 0
w 1168 144 1184 144 0
w 1056 336 1072 336 0
w 1056 368 1072 368 0
w 1184 176 1184 144 0
w 1184 48 1184 80 0
207 1360 336 1392 336 0 TP3
207 1280 368 1312 368 0 TP4
r 1360 80 1360 144 0 330
r 1360 336 1360 272 0 330
r 1280 144 1280 208 0 330
r 1280 400 1280 464 0 330
w 1360 208 1360 272 0
w 1280 368 1280 400 0
w 1280 80 1360 80 0
w 1280 336 1360 336 0
w 1360 144 1360 208 0
w 1360 208 1280 208 0
x 1246 75 1256 78 4 14 C
x 1251 362 1261 365 4 14 C
