$ 1 0.000005 10.20027730826997 50 5 50
s 464 128 464 176 0 1 false
x 492 146 509 149 4 14 S1
r 112 160 112 96 0 4700
w 368 384 336 384 0
w 336 384 320 384 0
w 320 384 304 384 0
w 304 384 272 384 0
w 272 384 240 384 0
w 240 384 224 384 0
w 368 384 464 384 0
x 126 119 143 122 4 14 R1
181 368 64 432 64 0 300 100 220 0.4 0.4
w 272 64 272 80 0
w 272 64 336 64 0
w 336 64 336 96 0
x 70 194 95 197 4 14 TP1
x 335 12 433 15 4 14 220V\sAC\sLAMP
174 272 64 208 64 1 250000 0.48020000000000007 Resistance
w 192 64 112 64 0
w 112 64 112 96 0
203 192 208 256 208 0 500 100000000 30 0.01
206 336 144 304 224 0 0.01 0.0082 100 false
c 112 272 112 304 2 1.0000000000000001e-7 0.001
w 432 64 464 64 0
w 464 64 464 128 0
w 336 96 336 144 0
w 336 144 368 144 0
w 256 208 304 208 0
w 336 224 336 384 0
w 112 304 112 384 0
w 112 384 224 384 0
w 192 208 112 208 0
w 112 160 112 208 0
w 112 208 112 272 0
v 464 240 464 304 0 1 50 220 0 0 0.5
w 464 176 464 240 0
w 464 304 464 384 0
w 112 208 80 208 0
w 240 80 240 96 0
w 240 96 192 96 0
w 192 96 192 64 0
w 192 64 208 64 0
x 361 129 386 132 4 14 TP2
x 348 369 373 372 4 14 TP3
x 232 45 249 48 4 14 P1
x 133 272 150 275 4 14 C1
x 186 244 250 247 4 14 DB3\sDIAC
x 349 216 418 219 4 14 BT137-600
w 368 64 336 64 0
