$ 1 0.000005 14.841315910257661 48 5 50
v 32 224 32 144 0 2 2000 5 0 0 0.5
r 144 96 144 160 0 10000
c 144 256 144 304 0 2.2000000000000003e-9 0
c 336 256 336 304 0 2.2000000000000003e-9 0
c 448 256 448 304 0 2.2000000000000003e-9 0
s 48 96 96 96 0 1 false
w 32 144 32 96 0
w 96 96 144 96 0
w 144 160 144 208 0
w 144 304 144 320 0
w 144 320 32 320 0
w 32 320 32 272 0
w 224 320 336 320 0
w 336 304 336 320 0
w 336 320 448 320 0
w 448 304 448 320 0
w 32 96 48 96 0
s 224 208 288 208 0 1 false
s 336 208 400 208 0 1 false
g 32 320 32 352 0
x 119 299 136 302 4 14 C1
x 425 299 442 302 4 14 C3
x 312 301 329 304 4 14 C2
x 63 73 80 76 4 14 S1
x 248 226 265 229 4 14 S2
w 32 224 32 272 0
w 144 256 144 208 0
w 336 256 336 208 0
w 448 256 448 208 0
w 448 208 400 208 0
x 362 224 379 227 4 14 S3
x 42 91 48 94 4 12 1
x 141 89 147 92 4 12 2
x 172 153 178 156 4 12 3
x 152 197 158 200 4 12 4
x 154 310 160 313 4 12 5
w 288 208 336 208 0
x 284 203 290 206 4 12 6
x 343 315 349 318 4 12 8
x 336 202 342 205 4 12 7
x 399 201 405 204 4 12 9
x 462 201 475 204 4 12 10
w 448 208 464 208 0
w 448 320 464 320 0
x 468 313 480 316 4 12 11
w 224 208 208 208 0
w 208 208 208 160 0
w 208 208 144 208 0
207 208 160 256 160 0 TP2
w 224 320 144 320 0
207 144 96 192 96 0 TP1
w 144 160 176 160 0
x 157 121 165 124 4 12 R
x 148 336 170 339 4 12 TP3
o 2 64 0 4096 0.15625 0.05 0 2 2 3
