$ 1 0.000005 0.13386567243530942 40 5 50
R 96 128 48 128 0 0 400 10 0 0 0.5
R 128 304 80 304 0 0 40 5 0 0 0.5
s 96 128 128 128 0 1 false
w 128 128 272 128 0
S 368 128 416 128 0 0 false 1 2
S 352 176 400 176 0 0 false 1 2
w 272 128 368 128 0
w 272 128 272 176 0
w 272 176 352 176 0
w 416 112 640 112 0
w 416 144 640 144 0
w 400 192 640 192 0
181 640 192 688 192 0 300 100 120 0.4 0.4
l 640 112 688 112 0 1 0
l 640 144 688 144 0 1 0
162 688 112 720 112 1 2.1024259 1 0 0 0.01
162 688 144 720 144 1 2.1024259 0 1 1 0.01
g 720 112 736 112 0
g 720 144 736 144 0
S 384 416 432 416 0 1 false 0 2
s 128 304 160 304 0 1 false
w 160 304 256 304 0
w 256 304 256 416 0
w 256 416 384 416 0
T 576 400 608 432 0 4 1 0 0 0.999
w 432 400 576 400 0
g 576 432 576 448 0
g 608 432 608 448 0
w 608 400 672 400 0
181 672 400 720 400 0 300 100 120 0.4 0.4
g 720 400 752 400 0
x 331 58 525 61 4 20 Landing\sSwitches(P5)
x 373 554 421 557 4 20 Fixed
x 671 434 857 437 4 18 Right\sfixed\slanding\slight
x 506 476 675 479 4 18 \sfixed\slanding\slight\sxfr
x 344 353 450 356 4 20 Recractable
x 410 188 427 191 4 16 on
x 403 104 461 107 4 18 Retract
x 422 159 478 162 4 18 Extend
x 701 97 759 100 4 18 Retract
x 718 163 774 166 4 18 Extend
x 699 189 936 192 4 18 Right\srecractable\slanding\slight
x 45 111 241 114 4 12 Exterior\slighting\slanding\sright\sRetr\sc/b
x 68 327 248 330 4 12 Exterior\slighting\slanding\sFixed\s\sc/b
S 368 496 416 496 0 1 false 0 2
181 688 512 736 512 0 300 100 120 0.4 0.4
T 576 512 608 544 0 4 1 0 0 0.999
w 256 416 256 496 0
w 256 496 368 496 0
w 464 512 576 512 0
w 608 512 688 512 0
g 576 544 576 560 0
g 608 544 608 560 0
g 736 512 736 528 0
x 439 509 450 512 4 20 L
w 464 512 464 480 0
w 464 480 416 480 0
181 640 304 688 304 0 300 100 120 0.4 0.4
l 640 256 688 256 0 1 0
l 640 224 688 224 0 1 0
162 688 224 720 224 1 2.1024259 1 0 0 0.01
162 688 256 720 256 1 2.1024259 0 1 1 0.01
g 720 224 736 224 0
g 720 256 752 256 0
S 368 224 416 224 0 0 false 2 2
S 368 272 416 272 0 0 false 2 2
w 416 208 624 208 0
w 624 208 624 224 0
w 624 224 640 224 0
w 448 256 640 256 0
w 448 256 448 240 0
w 416 240 448 240 0
w 416 288 592 288 0
w 592 288 592 304 0
w 592 304 640 304 0
g 688 304 704 304 0
R 96 208 48 208 0 0 400 10 0 0 0.5
s 96 208 128 208 0 1 false
w 128 208 272 208 0
w 272 208 272 224 0
w 272 224 368 224 0
w 272 224 272 272 0
w 272 272 368 272 0
x 420 300 437 303 4 16 on
x 421 260 477 263 4 18 Extend
x 422 232 480 235 4 18 Retract
x 447 433 461 436 4 20 R
x 365 258 376 261 4 20 L
x 351 155 365 158 4 20 R
x 704 293 929 296 4 18 Left\srecractable\slanding\slight
x 39 191 235 194 4 12 Exterior\slighting\slanding\sLeft\s\sRetr\sc/b
x 513 583 682 586 4 18 \sfixed\slanding\slight\sxfr
x 678 540 852 543 4 18 Left\sfixed\slanding\slight
x 425 468 442 471 4 16 on
x 424 387 441 390 4 16 on
x 421 524 438 527 4 16 off
x 401 440 418 443 4 16 off
