$ 1 0.000005 10.20027730826997 50 5 50
178 272 80 336 80 0 3 0.2 0 0.05 1000000 0.02 20
x 298 155 656 158 4 24 CABIN\sAIR\sRECIRC\sFAN\sRELAY
R 48 112 -16 112 0 0 40 28 0 0 0.5
R 224 -16 160 -16 0 1 400 5 0 0 0.5
l 560 16 624 16 0 1 -6.391319116042189e-7
l 624 16 656 -48 0 1 0
l 624 16 656 64 0 1 0.000014700033966897032
w 384 16 560 16 0
w 368 -80 656 -80 0
w 336 96 656 96 0
w 656 64 656 96 0
g 912 256 912 288 0
w 192 112 272 112 0
s 48 112 128 112 0 1 false
s 272 464 352 464 0 0 false
R 224 32 160 32 0 1 400 5 0 0 0.5
R 224 80 160 80 0 1 400 115 0 0 0.5
w 224 80 272 80 0
w 224 32 256 32 0
w 224 -16 272 -16 0
w 256 32 272 32 0
w 128 112 192 112 0
178 288 288 352 288 0 1 0.2 0 0.05 1000000 0.02 20
R 48 320 -16 320 0 0 400 28 0 0 0.5
s 48 320 128 320 0 1 false
w 128 320 288 320 0
g 288 336 288 368 0
w 272 128 272 288 0
w 288 288 272 288 0
w 272 288 272 464 0
178 480 272 544 272 0 1 0.2 0 0.05 1000000 0.02 20
w 352 272 480 272 0
w 576 288 576 256 0
w 576 256 624 256 0
w 624 256 720 256 0
w 720 256 768 256 0
w 768 256 832 256 0
w 832 256 912 256 0
178 736 432 672 432 0 1 0.2 0 0.05 1000000 0.02 20
178 1008 432 1072 432 0 1 0.2 0 0.05 1000000 0.02 20
178 736 544 800 544 0 1 0.2 0 0.05 1000000 0.02 20
178 1024 544 1088 544 0 1 0.2 0 0.05 1000000 0.02 20
s 400 304 480 304 0 1 false
s 944 576 1024 576 0 1 false
s 928 464 1008 464 0 1 false
s 736 464 816 464 0 1 false
s 656 576 736 576 0 1 false
g 736 592 736 608 0
g 1024 592 1024 624 0
g 1008 480 1008 496 0
g 736 480 736 496 0
g 480 320 480 336 0
R 400 304 400 352 0 0 400 28 0 0 0.5
R 944 576 880 576 0 0 400 28 0 0 0.5
R 656 576 592 576 0 0 400 28 0 0 0.5
R 864 464 864 496 0 0 400 28 0 0 0.5
w 832 432 832 256 0
w 1008 432 832 432 0
w 832 432 736 432 0
w 352 464 352 544 0
w 352 544 672 544 0
w 816 464 864 464 0
w 928 464 864 464 0
w 672 448 672 544 0
w 672 544 736 544 0
w 352 544 352 656 0
w 352 656 1104 656 0
w 1104 656 1104 560 0
w 1104 560 1088 560 0
w 1024 544 1024 528 0
w 1024 528 1024 512 0
w 1024 512 1072 512 0
w 1072 512 1072 448 0
w 832 432 832 528 0
w 832 560 800 560 0
w 368 -80 368 -32 0
w 336 0 368 0 0
w 368 0 368 -32 0
w 384 16 384 48 0
w 336 48 384 48 0
w 544 288 576 288 0
g 720 32 720 48 0
w 624 16 720 16 0
w 720 16 720 32 0
w 832 528 832 560 0
x 226 407 554 410 4 20 RECIRC\sFAN\sSW.\sBY-PASS\sRELAY
x 354 245 458 248 4 24 BY-PASS
x 521 349 817 352 4 24 SMOKE\sCONTROL\sRELAY
x 521 235 589 238 4 16 NORMAL
x 529 315 586 318 4 16 SMOKE
x 660 -1 933 2 4 24 CABIN\sAIR\sRECIRC\sFAN
x 114 480 285 483 4 20 RECIRC\sFAN\sSW.\s
x 345 446 376 449 4 16 OFF
x 299 482 343 485 4 16 AUTO
x 426 508 723 511 4 18 K7\sL\sPACK\sVALVE\sCLOSED\sRELAY
x 604 641 904 644 4 18 K2\sR\sPACK\sVALVE\sCLOSED\sRELAY
x 1117 600 1430 603 4 18 K14\sR\sPACK\sVALVE\sNORMAL\sRELAY
x 1095 473 1405 476 4 18 K13\sL\sPACK\sVALVE\sNORMAL\sRELAY
x 1087 412 1163 415 4 16 OFF/HIGH
x 1085 450 1129 453 4 16 AUTO
x 610 419 655 422 4 16 OPEN
x 594 455 659 458 4 16 CLOSED
w 656 -48 656 -80 0
