$ 1 0.000005 10.20027730826997 50 5 50
R 32 48 -48 48 0 0 40 5 0 0 0.5
R 32 96 -48 96 0 0 40 5 0 0 0.5
R 48 176 -32 176 0 0 40 5 0 0 0.5
R 32 144 -48 144 0 0 40 5 0 0 0.5
178 720 144 752 144 0 3 0.2 0 0.05 1000000 0.02 20
w 720 224 720 192 0
g 192 224 192 240 0
w 192 224 224 224 0
S 224 224 256 224 0 1 false 0 2
w 256 240 720 240 0
w 720 240 720 224 0
178 784 496 864 496 1 4 0.2 0 0.05 1000000 0.02 20
w 752 160 912 160 0
w 912 160 944 160 0
w 944 528 864 528 0
w 944 160 944 240 0
w 944 240 944 288 0
w 944 288 944 320 0
w 944 336 944 368 0
w 944 368 864 368 0
w 944 368 944 528 0
R 0 432 -48 432 0 0 40 5 0 0 0.5
s 0 432 48 432 0 1 false
s 32 48 96 48 0 1 false
w 96 48 480 48 0
s 32 96 80 96 0 1 false
s 32 144 96 144 0 1 false
s 48 176 96 176 0 1 false
w 80 96 416 96 0
w 96 144 432 144 0
w 96 176 720 176 0
w 48 432 224 432 0
162 224 432 224 480 1 2.1024259 1 1 0 0.01
178 576 384 656 384 0 3 0.2 0 0.05 1000000 0.02 20
S 368 304 400 304 0 0 false 0 2
w 368 304 304 304 0
g 304 304 272 304 0
w 400 320 400 432 0
w 400 432 576 432 0
w 576 416 432 416 0
w 432 384 432 144 0
w 448 96 720 96 0
w 432 384 576 384 0
w 432 384 432 416 0
w 416 96 448 96 0
w 448 96 448 336 0
w 448 336 576 336 0
w 480 48 480 288 0
w 480 288 576 288 0
w 480 48 720 48 0
w 752 64 832 64 0
w 832 64 896 64 0
w 896 64 976 64 0
l 1056 64 1056 128 0 1 0
g 1056 128 1056 160 0
162 1024 64 1024 128 1 2.1024259 0 1 0 0.01
w 976 64 976 240 0
w 976 240 1072 240 0
w 656 304 832 304 0
w 832 304 832 144 0
w 832 144 832 64 0
w 656 352 736 352 0
w 736 352 736 256 0
w 736 256 800 256 0
w 800 256 800 112 0
w 800 112 752 112 0
w 800 256 976 256 0
w 976 256 976 352 0
w 976 352 1008 352 0
162 1008 352 1008 432 1 2.1024259 0 1 0 0.01
l 1088 352 1088 432 0 1 0
g 1088 432 1088 464 0
w 976 352 976 496 0
w 976 496 1104 496 0
w 656 400 752 400 0
w 752 400 752 320 0
w 752 320 928 320 0
w 944 320 944 336 0
w 928 320 944 320 0
g 864 416 912 416 0
g 864 512 912 512 0
x 90 41 160 44 4 14 Pass\sL\sC/B
x 83 91 155 94 4 14 Pass\sR\sC/B
x 96 135 151 138 4 14 IND.\sC/B
x 93 169 215 172 4 14 Manuel\sControl\sC/B
x 106 210 212 213 4 20 Oxygen\sSw.
x 229 419 347 422 4 24 Pass\sox.on
x 182 294 372 297 4 20 Altitude\sPressure\sSw.
x 267 208 309 211 4 14 normal
x 258 254 273 257 4 14 on
w 320 432 320 480 0
w 320 480 752 480 0
w 752 480 752 416 0
w 752 416 784 416 0
w 784 416 784 400 0
x 796 461 910 464 4 18 To\spass\ssignal
x 880 558 981 561 4 20 Oxy.Ind.Rly
x 1102 244 1274 247 4 20 Left\sSide\sMask\sBox
x 1079 69 1256 72 4 20 Door\sLatch\sActuator
x 1106 362 1283 365 4 20 Door\sLatch\sActuator
x 1123 504 1308 507 4 20 Right\sSide\sMask\sBox
g 864 544 864 576 0
x 519 460 700 463 4 20 Auto\sOxy.Deploy.Rly
x 525 210 709 213 4 20 Man.\sOxy.Deploy.Rly
w 432 144 720 144 0
x 52 430 193 433 4 14 Master\sdim\ssect\s\s4\sC/B
x 312 335 400 338 4 20 14,000\sft..
w 224 432 320 432 0
g 224 480 224 496 0
w 976 64 1024 64 0
w 1024 64 1056 64 0
w 1024 128 1056 128 0
w 1008 352 1088 352 0
w 1088 432 1008 432 0
