$ 1 0.000005 42.05934401203833 56 5 50
r 720 112 720 176 0 330
r 960 112 960 176 0 330
t 928 352 960 352 0 1 0 0 100
s 640 112 720 112 0 1 false
R 640 112 592 112 0 0 40 5 0 0 0.5
g 864 384 864 416 0
w 960 176 960 192 0
w 800 384 864 384 0
w 864 384 912 384 0
w 912 384 928 384 0
w 800 384 720 384 0
w 720 112 848 112 0
w 848 112 960 112 0
207 960 288 1008 288 0 TP2
x 668 90 685 93 4 14 S1
x 754 258 771 261 4 14 C1
x 729 135 746 138 4 14 R1
x 972 138 989 141 4 14 R4
x 675 340 693 343 4 14 Q1
x 665 358 707 361 4 14 BC547
x 636 102 642 105 4 12 1
x 712 99 718 102 4 12 2
w 720 368 720 384 0
w 720 384 704 384 0
t 752 352 720 352 0 1 0 0 100
174 848 176 816 112 0 50000 0.48020000000000007 Resistance
174 816 208 880 208 0 10000 0.49010000000000004 Resistance
w 816 144 816 112 0
w 816 112 848 112 0
w 848 176 848 192 0
r 816 208 816 272 0 1000
r 880 208 880 272 0 1000
162 960 192 960 240 1 2.1024259 1 0 0 0.01
162 720 192 720 240 1 2.1024259 1 0 0 0.01
209 736 288 784 288 2 0.000009999999999999999 0 1
209 944 288 896 288 2 0.000009999999999999999 0 1
w 720 256 720 288 0
w 720 288 736 288 0
w 960 240 960 288 0
w 960 288 944 288 0
w 896 288 880 288 0
w 880 288 880 272 0
w 816 272 816 288 0
w 816 288 784 288 0
w 720 288 720 336 0
w 960 288 960 336 0
w 896 352 816 288 0
w 816 352 880 288 0
w 816 352 752 352 0
w 896 352 928 352 0
w 960 368 960 384 0
w 960 384 928 384 0
207 720 288 672 288 0 TP1
x 831 234 848 237 4 14 R2
x 892 234 909 237 4 14 R3
x 910 261 927 264 4 14 C2
x 985 344 1003 347 4 14 Q2
x 974 362 1016 365 4 14 BC547
w 720 240 720 256 0
w 720 176 720 192 0
x 861 145 878 148 4 14 P1
x 876 198 893 201 4 14 P2
207 960 384 1008 384 0 TP3
x 699 279 705 282 4 12 3
x 970 279 976 282 4 12 4
x 701 377 707 380 4 12 5
x 965 379 971 382 4 12 6
o 32 1024 0 4096 0.0000762939453125 0.00009765625 0 2 32 3
