$ 1 0.000005 10.20027730826997 57 5 50
w 320 160 384 160 0
r 384 160 384 224 0 10000
174 112 64 112 128 0 10000 0.46040000000000003 Resistance
174 64 144 64 208 0 10000 0.5 Resistance
s -32 64 16 64 0 1 false
R -32 64 -64 64 0 0 40 12 0 0 0.5
g 112 128 112 144 0
g 64 224 64 240 0
w 80 176 128 176 0
w 128 176 128 208 0
w 128 176 192 176 0
w 128 96 192 96 0
w 192 96 192 144 0
w 192 96 208 96 0
w 64 144 64 64 0
w 16 64 64 64 0
w 64 64 112 64 0
x 77 160 94 163 4 14 P2
x 128 80 145 83 4 14 P1
w 384 224 400 224 0
207 400 224 448 224 0 TP4
207 128 208 176 208 0 TP2
207 208 96 256 96 0 TP1
w 384 224 96 224 0
w 96 224 64 224 0
w 64 208 64 224 0
x -19 41 -2 44 4 14 S1
x -38 54 -32 57 4 12 1
x 24 54 30 57 4 12 2
x 193 86 199 89 4 12 3
x 129 167 135 170 4 12 4
x 381 151 387 154 4 12 5
207 384 160 432 160 0 TP3
x 406 218 412 221 4 12 8
x 72 216 78 219 4 12 6
a 192 160 288 160 0 15 -15 1000000 0 0
w 288 160 320 160 0
