$ 1 0.000005 14.841315910257661 48 5 50
x -124 70 -117 73 4 13 1
x -27 67 -20 70 4 13 2
x 89 69 96 72 4 13 3
d 0 80 32 80 1 0.805904783
r 96 112 96 176 0 1000
g 48 208 48 240 0
w 32 80 96 80 0
w 96 80 96 112 0
w 96 176 96 208 0
w 96 208 48 208 0
w 48 208 0 208 0
w 0 80 0 48 0
w 0 80 -16 80 0
w 0 208 -16 208 0
v -144 128 -144 208 0 1 50 12 0 0 0.5
s -128 80 -64 80 0 1 false
w -16 208 -144 208 0
w -144 128 -144 80 0
w -144 80 -128 80 0
w -64 80 -16 80 0
x 121 195 128 198 4 13 4
x 107 136 117 139 4 14 R
x 14 62 24 65 4 14 D
207 0 48 48 48 0 TP1
207 96 80 144 80 0 TP2
207 96 208 144 208 0 TP3
x -131 201 -124 204 4 13 5
x -101 94 -84 97 4 14 S1
