$ 1 0.000005 10.20027730826997 50 5 50
s 208 144 304 144 0 1 false
R 16 -144 -64 -144 0 0 40 5 0 0 0.5
s 16 -144 80 -144 0 1 false
w 128 -144 80 -144 0
x -2 -69 88 -66 4 24 POWER
x 31 -106 67 -103 4 24 ON
x 26 -183 73 -180 4 24 OFF
x 1063 -154 1081 -151 4 24 Q
162 368 -144 368 -80 2 default-led 1 0 0 0.01
162 1008 128 1152 128 2 default-led 1 0 0 0.01
162 1008 -128 1152 -128 2 default-led 1 0 0 0.01
162 368 144 368 208 2 default-led 1 0 0 0.01
g 368 -80 368 -64 0
g 1152 128 1152 144 0
g 1152 -128 1152 -112 0
g 368 208 368 224 0
x 1065 107 1097 110 4 24 Q1
151 624 144 720 144 0 2 0 5
151 608 -144 704 -144 0 2 0 5
151 864 -128 960 -128 0 2 0 5
w 544 -144 480 -144 0
x 248 -116 265 -113 4 24 H
x 247 -173 260 -170 4 24 L
s 224 -144 320 -144 0 1 false
w 480 -144 368 -144 0
w 368 -144 320 -144 0
x 212 -74 305 -71 4 24 SELECT
w 368 144 304 144 0
w 208 144 160 144 0
w 160 144 160 -144 0
w 128 -144 160 -144 0
w 224 -144 160 -144 0
x 260 196 340 199 4 24 RESET
x 214 176 231 179 4 24 H
x 221 120 234 123 4 24 L
w 368 144 560 144 0
w 624 128 560 128 0
w 560 128 560 144 0
w 560 144 560 160 0
w 560 160 624 160 0
w 608 -160 544 -160 0
w 544 -160 544 -144 0
w 544 -144 544 -128 0
w 608 -128 560 -128 0
w 560 -128 544 -128 0
151 864 128 960 128 0 2 0 5
w 704 -144 864 -144 0
w 720 144 864 144 0
w 864 112 832 112 0
w 832 112 832 -16 0
w 832 -16 1008 -16 0
w 1008 -16 1008 -128 0
w 1008 -128 960 -128 0
w 864 -112 848 -112 0
w 848 -112 848 32 0
w 848 32 1008 32 0
w 1008 32 1008 128 0
w 1008 128 960 128 0
