$ 1 0.000005 10.20027730826997 50 5 50
c 336 256 336 304 0 1.0000000000000001e-7 0
c 336 352 336 400 0 1.0000000000000001e-7 0
c 768 240 816 240 0 5.6e-7 0
c 768 352 816 352 0 2.2e-7 0
c 1008 240 1056 240 0 1.0000000000000001e-7 0
l 464 352 464 416 0 1 0
l 560 352 560 416 0 1 0
l 640 352 640 416 0 1 0
r 848 112 848 176 0 50000
r 960 112 960 176 0 1200
r 848 368 848 432 0 10000
r 960 368 960 432 0 430
t 928 272 960 272 0 1 0 0 100
s 464 304 464 240 0 1 false
s 560 304 560 240 0 1 false
s 640 304 640 240 0 1 false
s 416 112 496 112 0 1 false
R 416 112 368 112 0 0 40 12 0 0 0.5
g 912 432 912 464 0
g 272 336 272 368 0
w 272 336 336 336 0
w 336 336 336 352 0
w 336 336 336 304 0
w 336 256 336 224 0
w 336 224 464 224 0
w 464 224 464 240 0
w 464 224 560 224 0
w 560 224 560 240 0
w 560 224 640 224 0
w 640 224 640 240 0
w 640 224 736 224 0
w 736 224 736 240 0
w 736 240 768 240 0
w 640 304 640 352 0
w 560 304 560 352 0
w 464 304 464 352 0
w 336 400 336 448 0
w 336 448 464 448 0
w 464 416 464 448 0
w 464 448 560 448 0
w 560 416 560 448 0
w 560 448 640 448 0
w 640 416 640 448 0
w 640 448 752 448 0
w 768 352 768 448 0
w 768 448 752 448 0
w 816 240 960 240 0
w 848 176 848 352 0
w 816 352 848 352 0
w 848 352 848 368 0
w 1008 240 960 240 0
w 960 240 960 256 0
w 960 240 960 176 0
w 960 288 960 368 0
w 848 432 912 432 0
w 912 432 960 432 0
w 960 432 976 432 0
w 848 432 832 432 0
w 496 112 848 112 0
w 848 112 960 112 0
207 1056 240 1088 240 0 TP1
207 976 432 1024 432 0 TP2
x 450 130 467 133 4 14 S1
x 652 282 669 285 4 14 S4
x 572 281 589 284 4 14 S3
x 477 281 494 284 4 14 S2
x 358 273 375 276 4 14 C1
x 358 364 375 367 4 14 C2
x 777 324 794 327 4 14 C4
x 1017 208 1034 211 4 14 C5
x 774 210 791 213 4 14 C3
x 859 137 876 140 4 14 R1
x 970 139 987 142 4 14 R3
x 860 391 877 394 4 14 R2
x 973 396 990 399 4 14 R4
x 972 272 990 275 4 14 Q1
x 974 291 1016 294 4 14 BC547
x 412 102 418 105 4 12 1
x 818 446 831 449 4 12 10
x 1055 259 1061 262 4 12 9
x 647 304 653 307 4 12 8
x 640 213 646 216 4 12 7
x 573 303 579 306 4 12 6
x 560 209 566 212 4 12 5
x 476 299 482 302 4 12 4
x 450 206 456 209 4 12 3
x 488 99 494 102 4 12 2
x 980 452 992 455 4 12 11
x 480 373 495 376 4 14 L1
x 654 373 669 376 4 14 L3
x 573 374 588 377 4 14 L2
w 928 272 896 272 0
w 896 272 896 352 0
w 896 352 848 352 0
