$ 1 0.000005 10.20027730826997 50 5 50
r 720 128 720 208 0 1000
r 720 272 720 352 0 1000
r 832 288 832 368 0 470
209 624 240 672 240 0 0.000016 0 1
209 864 272 912 272 0 0.00009999999999999999 0 1
t 784 240 832 240 0 1 0 0 100
v 608 304 608 352 0 1 1000 5 0 0 0.5
R 480 112 432 112 0 0 40 12 0 0 0.5
s 480 112 544 112 0 1 false
w 544 112 720 112 0
w 720 112 720 128 0
w 672 240 720 240 0
w 720 240 720 208 0
w 720 240 720 272 0
w 720 240 784 240 0
w 832 256 832 272 0
w 864 272 832 272 0
w 832 272 832 288 0
w 720 352 720 368 0
w 720 368 832 368 0
g 832 368 832 384 0
w 832 224 832 112 0
w 832 112 720 112 0
w 608 304 608 288 0
w 608 352 608 368 0
w 608 368 720 368 0
s 608 288 608 240 0 1 false
w 624 240 608 240 0
207 608 240 528 240 0 TP1
207 912 272 960 272 0 TP2
x 846 214 888 217 4 14 BC547
x 478 97 485 100 4 14 1
x 544 100 551 103 4 14 2
x 594 225 602 228 4 16 3
x 585 372 593 375 4 16 4
x 934 263 941 266 4 14 5
x 849 361 856 364 4 14 6
w 832 368 848 368 0
x 510 137 529 140 4 16 S1
x 615 276 634 279 4 16 S2
x 615 206 635 209 4 16 C1
x 875 248 895 251 4 16 C2
x 851 198 872 201 4 16 Q1
x 732 161 752 164 4 16 R1
x 844 316 864 319 4 16 R3
x 736 301 756 304 4 16 R2
207 848 368 896 368 0 TP3
