$ 1 0.000005 10.20027730826997 50 5 50
r 608 144 688 144 0 1500
r 752 304 752 368 0 1000
s 512 144 576 144 0 1 false
w 576 144 608 144 0
R 480 144 448 144 0 0 40 12 0 0 0.5
w 512 144 480 144 0
x 537 115 556 118 4 16 S1
x 639 123 656 126 4 14 R1
x 765 330 782 333 4 14 R2
s 624 192 688 192 0 1 false
w 624 192 608 192 0
w 608 192 608 144 0
w 688 192 688 144 0
j 704 272 752 272 0 -4 0.00125
370 752 160 752 208 1 0
w 752 160 752 144 0
w 752 144 688 144 0
w 752 288 752 304 0
w 752 368 704 368 0
w 704 272 704 368 0
w 704 368 656 368 0
w 656 368 608 368 0
g 656 368 656 384 0
207 752 144 816 144 0 TP1
x 511 133 518 136 4 14 1
x 575 131 582 134 4 14 2
x 593 204 600 207 4 14 3
x 689 211 696 214 4 14 4
x 738 164 745 167 4 14 5
x 764 255 771 258 4 14 6
w 752 368 768 368 0
x 778 273 796 276 4 14 Q1
x 777 291 818 294 4 14 BF245
x 603 356 610 359 4 14 7
x 644 211 663 214 4 16 S2
s 752 256 752 208 0 1 false
x 763 233 782 236 4 16 S3
207 768 368 816 368 0 TP2
