$ 1 0.000005 10.20027730826997 50 5 50
r 832 560 832 656 0 100000
r 624 560 624 656 0 220.00000000000003
r 672 560 672 656 0 1000
r 720 560 720 656 0 4700
r 768 560 768 656 0 33000
w 832 688 768 688 0
w 768 688 720 688 0
w 720 688 672 688 0
w 672 688 624 688 0
w 624 688 592 688 0
g 592 688 592 704 0
w 624 528 560 528 0
w 672 528 624 528 0
w 720 528 672 528 0
w 768 528 720 528 0
w 832 528 768 528 0
R 528 528 496 528 0 0 60 5 0 0 0.5
s 528 528 560 528 0 1 false
s 992 528 1024 528 0 1 false
R 1024 528 1056 528 0 0 60 5 0 0 0.5
w 960 560 960 528 0
w 992 528 960 528 0
g 928 688 928 704 0
w 960 688 928 688 0
w 960 656 960 688 0
r 960 560 960 656 0 220.00000000000003
x 634 601 651 604 4 14 R1
x 682 602 699 605 4 14 R2
x 733 602 750 605 4 14 R3
x 781 602 798 605 4 14 R4
x 844 601 861 604 4 14 R5
x 578 518 584 521 4 12 1
x 618 517 624 520 4 12 2
x 668 517 674 520 4 12 3
x 715 515 721 518 4 12 4
x 764 518 770 521 4 12 5
x 828 517 834 520 4 12 6
x 633 558 639 561 4 12 7
x 680 556 686 559 4 12 8
x 726 558 732 561 4 12 9
x 776 558 789 561 4 12 10
x 838 558 850 561 4 12 11
x 777 654 790 657 4 12 16
x 731 654 744 657 4 12 15
x 679 651 692 654 4 12 13
x 629 651 642 654 4 12 12
x 840 657 853 660 4 12 17
