$ 1 0.000005 10.20027730826997 57 5 50
r 288 160 288 224 0 10000
s -48 64 0 64 0 1 false
R -48 64 -80 64 0 0 40 12 0 0 0.5
g 80 240 80 256 0
w 192 96 192 144 0
w 192 96 208 96 0
w 0 64 48 64 0
x 128 122 143 125 4 12 R1
207 320 240 368 240 0 TP4
207 32 176 0 176 0 TP2
207 -80 144 -112 144 0 TP1
x -35 41 -18 44 4 14 S1
x -54 54 -48 57 4 12 1
x 8 54 14 57 4 12 2
x -80 127 -74 130 4 12 3
x 313 144 319 147 4 12 5
207 320 160 368 160 0 TP3
x 330 225 336 228 4 12 8
x -70 231 -64 234 4 12 6
a 192 160 288 160 0 15 -15 1000000 0 0
w 288 160 320 160 0
v 32 176 32 224 0 1 1000 1 0 0 0.5
v -80 144 -80 192 0 1 1000 1 0 0 0.5
s 64 144 112 144 0 1 false
s 64 176 112 176 0 1 false
w -16 144 64 144 0
w 64 176 32 176 0
r 112 144 160 144 0 10000
r 112 176 160 176 0 10000
r 208 96 256 96 0 10000
w -16 144 -80 144 0
w -80 192 -80 240 0
w 32 224 32 240 0
w -80 240 32 240 0
w 32 240 80 240 0
w 160 176 176 176 0
w 176 176 176 144 0
w 160 144 176 144 0
w 176 144 192 144 0
w 192 176 192 240 0
w 80 240 192 240 0
w 256 96 288 96 0
w 288 96 288 160 0
w 192 240 288 240 0
w 288 224 288 240 0
w 288 240 320 240 0
x 42 232 48 235 4 12 7
x 61 121 78 124 4 14 S2
x 80 196 97 199 4 14 S3
x 130 196 145 199 4 12 R2
x 300 182 315 185 4 12 R3
x 224 78 236 81 4 12 Rf
x 25 171 31 174 4 12 4
