$ 1 0.000005 114.32915054483153 69 5 50
R 128 112 96 112 0 0 60 5 0 0 0.5
s 128 112 160 112 0 1 false
r 208 128 208 208 0 10000
w 160 112 208 112 0
w 208 112 208 128 0
174 208 224 208 320 0 10000 0.23270000000000002 Resistance
w 208 208 208 224 0
g 160 320 160 352 0
w 160 320 208 320 0
p 304 272 304 320 1 0
w 224 272 240 272 0
w 240 272 240 320 0
w 304 320 240 320 0
w 240 320 208 320 0
w 304 224 208 224 0
s 304 272 304 224 0 1 false
x 183 261 197 264 4 12 P1
x 303 215 309 218 4 12 2
x 202 102 209 105 4 14 1
x 221 159 238 162 4 14 R1
