$ 1 0.000005 0.8729138363720133 84 5 50
R 96 128 48 128 0 0 400 28 0 0 0.5
s 96 128 128 128 0 1 false
R 80 272 32 272 0 0 400 10 0 0 0.5
x 31 99 308 102 4 16 Exterior\slighting\sRunway\sTurnoff\s\sR\s\sc/b
R 80 384 32 384 0 0 400 28 0 0 0.5
s 80 384 112 384 0 1 false
s 80 272 112 272 0 1 false
S 384 112 336 112 0 0 false 0 2
S 400 256 336 256 0 1 false 0 2
S 416 368 336 368 0 1 false 0 2
w 128 128 336 128 0
w 112 272 336 272 0
w 112 384 336 384 0
181 736 112 800 112 0 300 100 120 0.4 0.4
181 720 256 800 256 0 300 100 120 0.4 0.4
181 848 464 960 464 0 300 100 120 0.4 0.4
w 384 112 736 112 0
w 400 256 720 256 0
w 416 368 608 368 0
x 290 161 532 164 4 18 Right\sRunway\sTurnoff\slight\ssw.
x 296 308 526 311 4 18 Left\sRunway\sTurnoff\slight\ssw.
x 292 416 481 419 4 18 Nose\sgear\sTaxi\slight\ssw.
x 862 87 1073 90 4 18 Right\sRunway\sTurnoff\slight
g 800 112 800 128 0
g 800 256 800 272 0
g 960 464 960 480 0
x 847 245 1051 248 4 18 Left\sRunway\sTurnoff\slight\s
x 948 434 1111 437 4 18 Nose\sgear\sTaxi\slight\s
x 16 252 290 255 4 16 Exterior\slighting\sRunway\sTurnoff\s\sL\s\sc/b
x 14 356 269 359 4 16 Exterior\slighting\sNose\sGear\sTaxi\s\sc/b
178 720 448 784 448 0 1 0.2 0 0.05 1000000 0.02 20
w 608 368 608 480 0
w 608 480 720 480 0
x 292 512 481 515 4 18 Nose\sgear\sTaxi\slight\ssw.
w 112 480 336 480 0
w 336 480 528 480 0
w 528 480 528 448 0
w 528 448 720 448 0
w 784 464 848 464 0
w 720 496 720 576 0
w 720 576 512 576 0
s 448 576 512 576 0 1 false
g 224 576 224 592 0
x 292 608 524 611 4 18 Nose\sgear\sDown\sand\sLocked
x 646 522 810 525 4 18 Taxi\slight\sCont.Relay
w 112 480 112 384 0
x 353 140 373 143 4 18 on
x 337 290 357 293 4 18 on
x 342 401 362 404 4 18 on
x 344 93 363 96 4 18 off
x 350 237 369 240 4 18 off
x 333 349 352 352 4 18 off
x 492 553 511 556 4 18 off
x 497 589 517 592 4 18 on
w 448 576 224 576 0
