$ 1 0.000005 14.841315910257661 48 5 50
v 32 224 32 144 0 2 10000 5 0 0 0.5
r 144 96 144 160 0 10000
s 48 96 96 96 0 1 false
w 32 144 32 96 0
w 96 96 144 96 0
w 144 160 144 192 0
w 144 256 144 272 0
w 144 272 32 272 0
w 32 272 32 224 0
w 32 96 48 96 0
g 32 272 32 304 0
x 41 85 48 88 4 13 1
x 176 87 183 90 4 13 2
x 176 265 183 268 4 13 5
l 144 208 144 256 0 0.01 0
207 144 96 208 96 0 TP1
207 144 160 176 160 0 3
207 144 192 208 192 0 TP2
207 144 272 208 272 0 TP3
w 144 192 144 208 0
x 180 187 187 190 4 13 4
x 165 223 172 226 4 13 L
x 63 113 78 116 4 13 S1
x 155 123 164 126 4 13 R
