$ 1 5e-11 12.050203812241895 55 5 50
c 480 64 480 112 0 1e-10 -5.333511410299252e-13
c 576 64 576 112 0 1.0000000000000001e-7 -5.995204332975845e-14
g 464 304 464 320 0
I 176 240 256 240 0 1 5
I 352 240 432 240 0 1 5
c 672 64 672 112 0 4.7000000000000005e-7 -1.2434497875801753e-14
r 144 64 144 144 0 1000
r 304 64 304 144 0 18000
R 112 16 64 16 0 0 40 5 0 0 0.5
s 112 16 176 16 0 1 false
w 144 64 144 48 0
w 144 48 240 48 0
w 304 64 304 48 0
w 304 48 400 48 0
w 480 48 480 64 0
w 480 48 576 48 0
w 576 48 576 64 0
w 576 48 672 48 0
w 672 48 672 64 0
s 480 192 480 112 0 1 false
w 240 48 304 48 0
w 400 48 480 48 0
w 144 144 144 240 0
w 144 240 176 240 0
w 304 144 304 240 0
w 256 240 304 240 0
w 304 240 352 240 0
s 672 192 672 112 0 1 false
s 576 192 576 112 0 1 false
w 432 240 480 240 0
w 480 192 480 240 0
w 480 240 576 240 0
w 576 192 576 240 0
w 576 240 672 240 0
w 672 192 672 240 0
w 672 240 704 240 0
w 368 304 464 304 0
w 464 304 544 304 0
x 156 96 176 99 4 16 R1
x 318 97 338 100 4 16 R2
x 499 78 519 81 4 16 C1
x 592 78 612 81 4 16 C2
x 690 77 710 80 4 16 C3
x 487 158 506 161 4 16 S2
x 587 158 606 161 4 16 S3
x 682 156 701 159 4 16 S4
x 113 4 119 7 4 12 1
x 137 32 156 35 4 16 S1
x 172 2 178 5 4 12 2
x 587 130 593 133 4 12 5
x 585 230 591 233 4 12 6
x 682 129 688 132 4 12 7
x 486 233 492 236 4 12 4
x 489 127 495 130 4 12 3
x 678 231 684 234 4 12 8
x 705 231 711 234 4 12 9
x 369 291 382 294 4 12 10
x 526 294 538 297 4 12 11
207 704 240 736 240 0 TP1
207 544 304 592 304 0 TP2
o 35 64 0 4096 5 0.00009765625 0 2 35 3
