$ 1 0.000005 10.20027730826997 50 5 50
w 688 736 624 736 0
w 624 736 592 736 0
g 592 736 592 752 0
w 624 496 592 496 0
R 560 496 528 496 0 0 60 5 0 0 0.5
r 624 496 624 592 0 4700
p 672 544 672 592 1 0
w 672 496 624 496 0
w 672 592 624 592 0
w 672 704 624 704 0
w 672 608 624 608 0
p 672 656 672 704 1 0
r 624 608 624 704 0 10000
w 624 592 624 608 0
w 624 704 624 736 0
p 752 560 752 656 1 0
w 688 736 752 736 0
w 752 656 752 736 0
w 672 496 752 496 0
s 560 496 592 496 0 1 false
s 672 544 672 496 0 1 false
s 752 560 752 496 0 1 false
s 672 656 672 608 0 1 false
x 682 543 688 546 4 12 3
x 761 563 767 566 4 12 2
x 620 485 626 488 4 12 1
x 683 591 689 594 4 12 4
x 680 612 686 615 4 12 5
x 635 649 650 652 4 12 R2
x 761 535 775 538 4 12 S2
x 635 539 650 542 4 12 R1
x 682 525 696 528 4 12 S3
x 683 637 697 640 4 12 S4
x 573 510 587 513 4 12 S1
