$ 1 0.000005 10.20027730826997 50 5 50
g 864 688 864 704 0
w 752 688 688 688 0
w 688 688 624 688 0
w 624 688 592 688 0
g 592 688 592 704 0
w 624 528 560 528 0
w 688 528 624 528 0
w 752 528 688 528 0
R 528 528 496 528 0 0 60 5 0 0 0.5
209 624 560 624 656 0 0.0000047 0 0.01
209 688 560 688 656 0 0.00009999999999999999 0 0.01
209 752 560 752 656 0 0.001 0 0.01
x 763 633 819 636 4 14 (1000uF)
209 864 576 864 672 0 0.0000047 5 0.01
s 528 528 560 528 0 1 false
s 864 528 896 528 0 1 false
R 896 528 960 528 0 0 60 5 0 0 0.5
w 864 528 864 576 0
w 864 672 864 688 0
x 750 514 756 517 4 12 4
x 683 517 689 520 4 12 3
x 619 517 625 520 4 12 2
x 579 518 585 521 4 12 1
x 696 559 702 562 4 12 6
x 632 560 638 563 4 12 5
x 763 562 769 565 4 12 7
x 758 660 771 663 4 12 10
x 699 659 705 662 4 12 9
x 634 661 640 664 4 12 8
