$ 1 0.000005 10.20027730826997 50 5 50
s 560 112 624 112 0 1 false
R 528 112 496 112 0 0 40 12 0 0 0.5
w 560 112 528 112 0
x 585 83 604 86 4 16 S1
j 640 192 688 192 0 -4 0.00125
x 559 101 566 104 4 14 1
j 896 192 944 192 1 -4 0.00125
f 896 320 944 320 0 1.5 0.02
f 640 320 688 320 1 1.5 0.02
x 537 237 655 240 4 14 N\sCHANNEL\sJFET
x 803 237 920 240 4 14 P\sCHANNEL\sJFET
x 505 360 647 363 4 14 P\sCHANNEL\sMOSFET
x 767 360 910 363 4 14 N\sCHANNEL\sMOSFET
w 944 304 944 288 0
w 944 336 944 352 0
w 688 304 688 288 0
w 688 336 688 352 0
x 613 193 627 196 4 18 G
x 872 197 886 200 4 18 G
x 613 325 627 328 4 18 G
x 871 325 885 328 4 18 G
x 673 163 685 166 4 18 D
x 926 162 938 165 4 18 D
x 667 281 679 284 4 18 D
x 924 273 936 276 4 18 D
x 675 234 687 237 4 18 S
x 931 231 943 234 4 18 S
x 671 367 683 370 4 18 S
x 933 375 945 378 4 18 S
x 635 100 642 103 4 14 2
