$ 1 0.000005 14.841315910257661 48 5 50
d -112 32 -48 32 1 0.805904783
z -112 96 -48 96 1 0.805904783 5.6
t 240 208 272 208 0 -1 0 0 100
t 112 208 144 208 0 1 0 0 100
w 144 192 144 176 0
w 272 192 272 176 0
w 272 224 272 240 0
w 240 208 224 208 0
w 144 224 144 240 0
w 112 208 96 208 0
162 -112 160 -48 160 1 2.1024259 1 0 0 0.01
r -112 224 -48 224 0 1000
r 144 32 208 32 0 1000
r 144 96 208 96 0 1000
x -106 16 -56 19 4 16 DIODE
x -128 78 -19 81 4 16 ZENER\sDIODE
x -89 138 -58 141 4 16 LED
x -94 209 -62 212 4 16 LDR
x 162 1 194 4 4 16 NTC
x 164 77 196 80 4 16 NTC
x 93 191 125 194 4 16 PNP
x 218 187 251 190 4 16 NPN
x -126 35 -118 38 4 12 A
x -128 99 -120 102 4 12 A
x -118 212 -112 215 4 12 1
x -45 215 -39 218 4 12 2
x 135 23 141 26 4 12 1
x 206 23 212 26 4 12 2
x -37 34 -29 37 4 12 K
x -132 162 -124 165 4 12 A
x 78 211 86 214 4 12 B
x 208 87 214 90 4 12 2
x 140 84 146 87 4 12 1
x -39 101 -31 104 4 12 K
x -36 163 -28 166 4 12 K
x 202 213 210 216 4 12 B
x 132 166 140 169 4 12 C
x 253 248 261 251 4 12 C
x 128 251 136 254 4 12 E
x 255 167 263 170 4 12 E
