$ 1 0.000005 10.20027730826997 50 5 50
s 272 16 368 16 0 1 false
R 80 -272 0 -272 0 0 40 5 0 0 0.5
s 80 -272 144 -272 0 1 false
w 192 -272 144 -272 0
x 62 -197 152 -194 4 24 POWER
x 95 -234 131 -231 4 24 ON
x 90 -311 137 -308 4 24 OFF
162 432 -272 432 -208 2 default-led 1 0 0 0.01
162 432 16 432 80 2 default-led 1 0 0 0.01
g 432 -208 432 -192 0
g 432 80 432 96 0
w 608 -272 544 -272 0
x 312 -244 329 -241 4 24 H
x 311 -301 324 -298 4 24 L
s 288 -272 384 -272 0 1 false
w 544 -272 432 -272 0
w 432 -272 384 -272 0
x 386 -229 396 -226 4 20 J
w 432 16 368 16 0
w 272 16 224 16 0
w 224 -128 224 -272 0
w 192 -272 224 -272 0
w 288 -272 224 -272 0
x 390 55 403 58 4 20 K
x 278 48 295 51 4 24 H
x 285 -8 298 -5 4 24 L
w 432 16 592 16 0
156 688 -160 1008 -160 6 0
w 432 -128 592 -128 0
x 285 -152 298 -149 4 24 L
x 278 -96 295 -93 4 24 H
x 363 -88 401 -85 4 20 CLK
w 272 -128 224 -128 0
w 432 -128 368 -128 0
g 880 -80 880 -64 0
162 784 -160 864 -160 2 default-led 1 0 0 0.01
s 272 -128 368 -128 0 1 false
w 224 -128 224 16 0
w 592 -128 688 -128 0
w 608 -272 608 -160 0
w 608 -160 688 -160 0
w 688 -96 608 -96 0
w 608 -96 608 16 0
w 608 16 592 16 0
162 784 -96 864 -96 2 default-led 1 0 0 0.01
w 864 -160 880 -160 0
w 880 -160 880 -96 0
w 864 -96 880 -96 0
w 880 -96 880 -80 0
g 432 -64 432 -48 0
162 432 -128 432 -64 2 default-led 1 0 0 0.01
s 256 144 352 144 0 1 false
g 432 208 432 224 0
162 432 144 432 208 2 default-led 1 0 0 0.01
w 224 16 224 144 0
w 224 144 256 144 0
w 352 144 432 144 0
w 432 144 800 144 0
w 800 144 800 -128 0
w 800 -128 784 -128 0
x 280 118 293 121 4 24 L
x 287 183 304 186 4 24 H
x 345 181 411 184 4 20 RESET
