$ 1 0.000005 10.20027730826997 50 5 50
r 512 160 512 240 0 100000
r 704 160 704 240 0 10000
209 432 288 480 288 0 0.0000047 0 1
209 752 272 816 272 0 0.0000047 0 1
t 672 288 704 288 0 -1 0 0 100
s 416 160 480 160 0 1 false
s 400 368 400 304 0 1 false
r 512 336 512 416 0 10000
r 960 288 960 368 0 1000
r 704 336 704 416 0 1000
s 736 336 800 336 0 1 false
209 832 336 832 400 0 0.000001 0 1
w 480 160 512 160 0
w 512 160 704 160 0
w 752 272 704 272 0
w 704 272 704 240 0
w 736 336 704 336 0
w 704 336 704 304 0
w 800 336 832 336 0
w 480 288 512 288 0
w 512 288 512 336 0
w 512 288 512 240 0
w 512 288 672 288 0
w 512 416 704 416 0
w 704 416 832 416 0
w 832 416 832 400 0
w 832 416 960 416 0
w 960 368 960 416 0
w 816 272 960 272 0
w 960 272 960 288 0
w 960 272 976 272 0
w 512 416 464 416 0
w 432 288 400 288 0
w 400 288 400 304 0
w 400 288 368 288 0
v 400 368 400 416 0 1 40 5 0 0 0.5
R 384 160 352 160 0 0 40 5 0 0 0.5
g 704 416 704 432 0
w 464 416 400 416 0
w 416 160 384 160 0
207 976 272 1008 272 0 TP2
207 368 288 336 288 0 TP1
x 441 131 460 134 4 16 S1
x 526 191 543 194 4 14 R1
x 719 305 761 308 4 14 BC547
x 719 194 736 197 4 14 R2
x 522 367 539 370 4 14 R3
x 716 289 734 292 4 14 Q1
x 714 368 733 371 4 14 RE
x 849 356 868 359 4 14 CE
x 973 323 990 326 4 14 R4
x 757 355 776 358 4 16 S2
x 410 344 429 347 4 16 S3
x 421 153 428 156 4 14 1
x 486 150 493 153 4 14 2
x 368 273 375 276 4 14 3
x 372 422 379 425 4 14 7
x 944 260 951 263 4 14 4
x 734 328 741 331 4 14 5
x 794 325 801 328 4 14 6
207 960 416 992 416 0 TP3
x 446 255 463 258 4 14 C1
x 782 239 799 242 4 14 C2
x 941 404 948 407 4 14 8
