$ 1 0.000005 10.20027730826997 57 5 50
s -32 96 -32 48 0 1 false
g 240 192 240 208 0
207 416 16 464 16 0 TP2
207 -32 16 -80 16 0 TP1
x -14 77 3 80 4 14 S1
x -33 1 -27 4 4 12 1
x -22 178 -16 181 4 12 2
x 68 3 74 6 4 12 3
x 223 97 229 100 4 12 6
v -32 112 -32 160 0 1 50 1 0 0 0.5
s 80 96 80 48 0 1 false
s 240 96 240 48 0 1 false
x 90 74 107 77 4 14 S2
x 251 76 268 79 4 14 S3
x 64 98 70 101 4 12 4
s 400 96 400 48 0 1 false
x 411 65 428 68 4 14 S4
w -32 48 -32 16 0
w -32 96 -32 112 0
w -32 16 80 16 0
w 80 16 176 16 0
w 240 48 240 16 0
w 80 48 80 16 0
w 288 16 400 16 0
w 400 16 400 48 0
w 400 16 416 16 0
c 80 112 80 160 0 1e-9 0
c 240 112 240 160 0 1e-8 0
c 400 112 400 160 0 1.0000000000000001e-7 0
w 80 96 80 112 0
w 240 96 240 112 0
w 400 96 400 112 0
w 400 160 400 192 0
w 400 192 288 192 0
w 240 160 240 192 0
w 176 192 80 192 0
w 80 160 80 192 0
w 80 192 -32 192 0
w -32 192 -32 160 0
x 233 3 239 6 4 12 5
x 384 94 390 97 4 12 8
x 394 0 400 3 4 12 7
207 400 192 448 192 0 TP3
x 97 124 114 127 4 14 C1
x 256 126 273 129 4 14 C2
x 420 124 437 127 4 14 C3
w 80 96 144 96 0
w 80 160 144 160 0
w 240 96 304 96 0
w 240 160 304 160 0
w 400 96 464 96 0
w 400 160 464 160 0
w 288 192 240 192 0
w 240 192 176 192 0
w 176 16 240 16 0
w 240 16 288 16 0
l 144 96 144 160 0 0.01 0
l 304 96 304 160 0 0.01 0
l 464 96 464 160 0 0.001 0
x 164 117 179 120 4 14 L1
x 324 117 339 120 4 14 L2
x 484 117 499 120 4 14 L3
