$ 1 0.000005 5.023272298708815 64 7 50
w 176 144 176 176 0
w 176 176 240 176 0
c 112 240 112 288 0 1.0000000000000001e-7 0
g 304 288 304 304 0
r 176 80 176 16 0 10000
w 176 16 304 16 0
R 96 16 64 16 0 0 40 5 0 0 0.5
165 240 48 256 48 2 0
w 304 16 368 16 0
w 368 16 368 80 0
w 416 112 368 112 0
w 176 144 224 144 0
w 224 144 240 144 0
209 176 240 176 288 0 0.000009999999999999999 0 1
w 176 288 112 288 0
s 112 240 112 176 0 1 false
s 176 240 176 176 0 1 false
w 112 176 176 176 0
174 176 144 144 80 0 100000 0.48020000000000007 Resistance
s 96 16 160 16 0 1 false
w 160 16 176 16 0
r 416 112 416 192 0 330
162 416 192 416 256 1 2.1024259 1 0 0 0.01
w 176 288 304 288 0
w 416 288 416 256 0
w 240 80 176 80 0
w 144 112 112 112 0
w 112 112 112 80 0
w 112 80 176 80 0
c 304 208 304 256 0 1e-8 0
w 304 256 304 288 0
w 304 288 416 288 0
207 112 176 64 176 0 TP1
207 416 288 480 288 0 TP3
207 416 112 480 112 0 TP2
x 187 42 204 45 4 14 R1
x 425 145 442 148 4 14 R2
x 197 256 214 259 4 14 C2
x 133 256 150 259 4 14 C1
x 319 226 336 229 4 14 C3
x 189 109 206 112 4 14 P1
x 118 32 135 35 4 14 S1
x 99 8 105 11 4 12 1
x 167 7 173 10 4 12 2
x 106 170 112 173 4 12 3
x 98 232 104 235 4 12 4
x 158 169 164 172 4 12 5
x 162 233 168 236 4 12 6
x 416 103 422 106 4 12 7
x 76 282 82 285 4 12 8
w 112 288 80 288 0
x 424 281 430 284 4 12 9
x 117 213 134 216 4 14 S2
x 181 213 198 216 4 14 S3
o 2 32 0 4096 5 0.00009765625 0 2 2 3
