$ 1 0.000015625 10.20027730826997 50 5 50
R 80 144 48 144 0 0 40 5 0 0 0.5
R 80 208 48 208 0 0 40 5 0 0 0.5
178 448 208 480 208 0 2 0.2 0 0.05 1000000 0.02 20
s 800 224 832 224 0 1 false
162 512 336 512 368 1 2.1024259 1 0 0 0.01
162 560 336 560 368 1 2.1024259 1 0 0 0.01
162 720 336 720 368 1 2.1024259 1 0 0 0.01
162 768 336 768 368 1 2.1024259 1 0 0 0.01
d 480 400 464 400 1 0.805904783
d 704 400 672 400 1 0.805904783
d 544 464 512 464 1 0.805904783
d 768 448 736 448 1 0.805904783
S 480 496 448 496 0 1 true 0 2
S 688 480 656 480 0 1 true 0 2
g 448 512 448 528 0
g 656 496 656 512 0
w 80 144 80 96 0
w 80 96 864 96 0
w 80 208 176 208 0
w 176 208 272 208 0
w 352 208 352 240 0
w 352 240 448 240 0
w 176 208 176 288 0
w 176 288 512 288 0
w 512 288 512 224 0
w 512 224 480 224 0
w 448 208 352 208 0
w 448 256 448 272 0
w 448 272 592 272 0
w 784 272 784 224 0
w 784 224 800 224 0
w 832 224 864 224 0
g 864 224 864 240 0
S 272 208 320 208 0 0 true 0 2
w 352 240 320 240 0
w 320 240 320 224 0
w 592 272 784 272 0
w 592 272 592 240 0
d 592 192 592 240 1 0.805904783
w 592 192 592 176 0
w 592 176 592 144 0
w 592 144 480 144 0
w 448 160 416 160 0
w 416 160 416 112 0
w 416 112 864 112 0
w 512 336 256 336 0
r 256 336 208 336 0 1000
w 208 336 160 336 0
S 176 416 176 384 0 0 false 0 2
w 160 384 160 336 0
w 192 384 256 384 0
w 256 384 256 336 0
w 176 416 80 416 0
R 80 416 32 416 0 0 40 5 0 0 0.5
w 512 368 512 400 0
w 512 400 480 400 0
w 464 400 416 400 0
w 416 400 416 320 0
w 416 320 416 304 0
w 416 304 592 304 0
w 592 304 592 272 0
w 512 336 560 336 0
w 560 368 560 400 0
w 560 400 512 400 0
w 560 400 560 464 0
w 560 464 544 464 0
w 512 464 512 496 0
w 512 496 480 496 0
162 864 96 912 96 1 2.1024259 1 1 1 0.01
w 912 96 912 112 0
w 864 112 912 112 0
w 592 304 640 304 0
w 640 304 640 400 0
w 640 400 672 400 0
w 704 400 720 400 0
w 720 400 768 400 0
w 720 368 720 400 0
w 768 368 768 400 0
w 560 336 720 336 0
w 720 336 768 336 0
w 688 480 688 464 0
w 768 400 768 448 0
w 736 448 688 448 0
w 688 448 688 464 0
211 912 96 992 96 0 1 8000 1
x -56 126 74 129 4 18 Aural\sWarn.\sC/B
x 790 262 1044 265 4 18 Pressure\sswitch(fwd\sEE\sComp.)
x -58 196 72 199 4 18 Pres.\sWarn.\sC/B
x -40 402 125 405 4 18 Master\sDim/Brt..\sC/B
x 154 180 343 183 4 18 Altitude\sHorn\sCutoff\ssw.
x 341 269 440 272 4 18 Cutoff\sRelay
x 447 384 603 387 4 18 Cabin\sAltitude\sLight
x 673 386 829 389 4 18 Cabin\sAltitude\sLight
x 343 495 438 498 4 18 Master\sTest
x 556 484 651 487 4 18 Master\sTest
x 680 556 824 559 4 18 Captain\sinst.panel
x 337 561 512 564 4 18 First\sOfficer\sinst.panel
