$ 1 0.000005 10.20027730826997 57 5 50
s 144 112 144 64 0 1 false
g 288 192 288 208 0
207 496 32 544 32 0 TP2
207 144 48 96 48 0 TP1
x 127 -17 144 -14 4 14 S1
x 111 -45 117 -42 4 12 1
x 172 -45 178 -42 4 12 2
x 143 33 149 36 4 12 3
x 516 181 522 184 4 12 6
v 144 128 144 176 0 1 50 2 0 0 0.5
x 162 94 179 97 4 14 S2
x 513 108 530 111 4 14 C2
x 157 -40 163 -37 4 12 4
w 144 64 144 48 0
w 144 112 144 128 0
c 496 96 496 144 0 1e-9 0
w 240 192 144 192 0
w 144 192 144 176 0
x 498 11 504 14 4 12 5
x 162 184 168 187 4 12 4
207 512 192 560 192 0 TP3
x 188 13 205 16 4 14 C1
w 352 192 288 192 0
w 288 192 240 192 0
a 304 32 400 32 0 15 -15 1000000 0 0
r 416 32 480 32 0 10000
r 240 144 240 80 0 10000
r 304 -32 368 -32 0 10000
r 288 80 288 144 0 2200
w 144 48 176 48 0
w 256 48 304 48 0
w 288 80 288 16 0
w 288 16 304 16 0
w 288 16 288 -32 0
w 288 -32 304 -32 0
w 368 -32 400 -32 0
w 400 -32 400 32 0
w 400 32 416 32 0
c 224 48 176 48 0 1e-9 0
w 224 48 240 48 0
w 240 48 256 48 0
w 240 48 240 80 0
w 240 144 240 192 0
w 288 144 288 192 0
R 112 -32 64 -32 0 0 40 12 0 0 0.5
s 112 -32 160 -32 0 1 false
x 90 23 107 26 4 14 R1
x 302 103 319 106 4 14 R2
x 439 11 456 14 4 14 R3
x 327 -51 341 -48 4 14 Rf
w 480 32 496 32 0
w 496 32 496 96 0
w 496 144 496 192 0
w 496 192 512 192 0
w 496 192 352 192 0
x 253 104 270 107 4 14 R1
