$ 1 0.000005 10.20027730826997 50 5 50
r 672 160 752 160 0 220
g 720 368 720 384 0
368 720 256 752 256 0 0
x 763 258 770 261 4 13 1
x 702 139 718 142 4 13 R2
s 560 160 624 160 0 1 false
x 528 352 535 355 4 14 4
x 855 271 862 274 4 14 5
R 560 160 512 160 0 0 40 5 0 0 0.5
r 656 304 656 368 0 10000
r 656 176 656 240 0 1000
s 656 256 656 288 0 1 true
t 800 304 848 304 0 1 0 0 100
162 848 176 848 224 1 2.1024259 1 0 0 0.01
w 752 160 848 160 0
w 848 160 848 176 0
w 848 224 848 288 0
w 656 240 656 256 0
w 656 288 656 304 0
w 656 368 720 368 0
w 720 368 848 368 0
w 848 320 848 368 0
w 800 304 720 304 0
w 656 368 528 368 0
w 624 160 656 160 0
w 656 160 656 176 0
w 656 160 672 160 0
w 720 256 720 304 0
w 720 304 656 304 0
x 552 148 559 151 4 14 1
x 620 149 627 152 4 14 2
x 728 293 735 296 4 14 3
x 872 354 879 357 4 14 6
w 848 368 880 368 0
x 582 180 601 183 4 16 S1
x 610 276 629 279 4 16 S2
207 848 224 912 224 0 TP2
207 880 368 896 368 0 TP3
207 656 304 624 304 0 TP1
x 667 203 683 206 4 13 R1
x 667 331 683 334 4 13 R3
x 859 299 876 302 4 13 Q1
