$ 1 0.000005 10.20027730826997 50 5 50
c 848 224 848 272 0 2.2e-10 5.048709793414476e-29
c 848 304 848 352 0 5.6e-11 1.8315129724560134e-14
c 976 288 1024 288 0 1.0000000000000001e-7 -1.505087863359931e-16
r 848 112 848 176 0 100000
r 960 112 960 176 0 100
r 960 304 960 368 0 1000
t 928 208 960 208 0 1 -9.908092969575908e-28 5.048709793414476e-29 100
s 640 112 720 112 0 1 false
R 640 112 592 112 0 0 40 12 0 0 0.5
g 912 432 912 464 0
w 960 176 960 192 0
w 960 224 960 288 0
w 848 432 912 432 0
w 912 432 960 432 0
w 960 432 976 432 0
w 848 432 768 432 0
w 720 112 848 112 0
w 848 112 960 112 0
207 1024 288 1056 288 0 TP1
207 976 432 1024 432 0 TP2
x 668 90 685 93 4 14 S1
x 993 257 1010 260 4 14 C4
x 866 236 883 239 4 14 C1
x 787 386 804 389 4 14 C3
x 859 137 876 140 4 14 R1
x 972 329 989 332 4 14 R3
x 972 138 989 141 4 14 R2
x 982 208 1000 211 4 14 Q1
x 984 227 1026 230 4 14 BC547
x 636 102 642 105 4 12 1
x 740 421 746 424 4 12 4
x 1033 269 1039 272 4 12 3
x 712 99 718 102 4 12 2
x 987 419 993 422 4 12 5
c 768 368 768 416 0 5.6e-11 0
w 768 416 768 432 0
w 768 432 752 432 0
w 848 304 848 288 0
w 848 288 960 288 0
w 960 288 976 288 0
w 960 304 960 288 0
w 848 272 848 288 0
w 928 208 848 208 0
w 848 208 848 224 0
w 768 288 768 272 0
w 768 208 848 208 0
w 768 368 848 368 0
w 848 368 848 352 0
w 960 368 960 432 0
w 768 208 768 256 0
w 768 256 768 272 0
w 848 176 848 208 0
x 867 318 884 321 4 14 C2
x 741 329 799 332 4 24 XTAL
w 768 368 768 336 0
w 768 288 768 304 0
