$ 1 0.000005 10.20027730826997 50 5 50
R 784 -16 736 -16 0 0 40 5 0 0 0.5
s 784 -16 864 -16 0 1 false
w 1136 48 1104 48 0
w 1136 80 1104 80 0
S 992 32 912 32 0 0 false 0 2
162 1040 48 1104 48 1 2.1024259 1 0 0 0.01
162 1264 64 1360 64 1 2.1024259 1 0 0 0.01
162 1040 80 1104 80 1 2.1024259 1 0 0 0.01
S 992 96 912 96 0 0 false 0 2
w 992 32 992 48 0
w 992 80 992 96 0
w 912 80 864 80 0
w 912 16 864 16 0
w 912 48 880 48 0
w 912 112 880 112 0
w 880 48 880 112 0
w 864 80 864 16 0
w 864 16 864 -16 0
r 1136 256 1136 320 0 330
r 1104 256 1104 320 0 330
w 1136 112 1136 80 0
w 1104 112 1104 48 0
w 1104 352 1120 352 0
w 1120 352 1136 352 0
x 814 2 833 5 4 16 S1
x 1168 24 1202 27 4 16 XOR
x 874 -11 907 -8 4 16 VCC
x 919 10 929 13 4 14 H
x 917 43 924 46 4 14 L
x 920 108 927 111 4 14 L
x 921 76 931 79 4 14 H
x 956 10 975 13 4 16 S2
x 953 82 972 85 4 16 S3
w 1040 48 992 48 0
w 1040 80 992 80 0
x 1025 34 1034 37 4 14 A
x 1027 73 1036 76 4 14 B
x 1286 59 1295 62 4 14 Y
207 1360 64 1392 64 0 TP1
g 1120 352 1120 384 0
w 1360 352 1136 352 0
w 1088 352 880 352 0
w 880 288 880 352 0
w 1088 352 1104 352 0
154 1136 64 1264 64 0 2 0 5
150 1152 240 1248 240 0 2 0 5
207 1360 240 1392 240 0 TP2
x 1283 226 1293 229 4 14 C
162 1264 240 1360 240 1 2.1024259 1 0 0 0.01
w 1152 224 1104 224 0
w 1104 224 1104 160 0
w 1136 160 1136 256 0
w 1136 256 1152 256 0
w 1104 224 1104 256 0
w 880 160 880 288 0
w 1104 320 1104 352 0
w 1136 320 1136 352 0
207 1360 352 1392 352 0 TP3
w 1360 64 1360 80 0
w 1264 240 1248 240 0
x 1175 198 1208 201 4 16 AND
r 1360 80 1360 144 0 330
r 1360 288 1360 352 0 330
w 1136 112 1136 160 0
w 1104 112 1104 160 0
w 1360 144 880 144 0
w 880 144 880 160 0
w 880 144 880 112 0
w 1360 240 1360 288 0
o 38 64 0 4096 0.0000762939453125 0.00009765625 0 2 38 3
