$ 1 0.000005 10.20027730826997 50 5 50
s 560 112 624 112 0 1 false
R 528 112 496 112 0 0 40 12 0 0 0.5
w 560 112 528 112 0
x 585 83 604 86 4 16 S1
x 559 101 566 104 4 14 1
f 752 256 800 256 0 1.5 0.02
162 800 128 800 176 1 2.1024259 1 0 0 0.01
r 688 112 768 112 0 680
r 624 288 624 352 0 1000
s 624 224 624 160 0 1 true
w 624 112 624 160 0
w 624 112 688 112 0
w 768 112 800 112 0
w 800 112 800 128 0
w 800 176 800 192 0
w 800 192 800 208 0
w 800 208 800 240 0
w 752 256 624 256 0
w 624 256 624 224 0
w 624 256 624 288 0
w 624 352 560 352 0
w 624 352 688 352 0
w 688 352 800 352 0
w 800 272 800 352 0
w 800 352 816 352 0
w 800 208 816 208 0
x 564 337 571 340 4 14 4
x 834 198 841 201 4 14 3
x 623 100 630 103 4 14 2
x 830 342 837 345 4 14 5
x 637 192 656 195 4 16 S2
x 840 251 861 254 4 16 Q1
x 838 274 906 277 4 16 IRF/U120
g 688 352 688 368 0
x 717 93 737 96 4 16 R1
x 639 312 659 315 4 16 R2
207 816 208 864 208 0 TP1
207 816 352 864 352 0 TP2
x 822 156 845 159 4 12 LED
