$ 1 0.000005 7.010541234668786 94 5 50
R 128 128 80 128 0 0 40 5 0 0 0.5
R 128 176 80 176 0 0 40 28 0 0 0.5
178 768 160 816 160 0 3 0.2 0 0.05 1000000 0.02 20
178 480 176 448 176 0 1 0.2 0 0.05 1000000 0.02 20
w 176 176 352 176 0
w 352 176 352 144 0
w 352 144 384 144 0
w 448 144 448 160 0
w 352 176 352 368 0
w 352 368 400 368 0
162 400 368 448 368 1 2.1024259 0 0 1 0.01
178 560 384 592 384 1 1 0.2 0 0.05 1000000 0.02 20
w 592 416 672 416 0
152 736 416 688 416 0 2 0 5
w 736 400 784 400 0
w 736 432 784 432 0
w 672 416 688 416 0
R 832 400 880 400 0 0 40 5 0 0 0.5
R 832 432 896 432 0 0 40 5 0 0 0.5
178 576 464 608 464 1 1 0.2 0 0.05 1000000 0.02 20
152 736 512 688 512 0 2 0 5
w 608 512 688 512 0
w 736 496 784 496 0
w 736 528 784 528 0
s 784 400 832 400 0 1 false
s 784 432 832 432 0 1 false
s 784 544 832 544 0 1 false
R 832 544 880 544 0 0 40 5 0 0 0.5
w 448 368 528 368 0
w 528 368 528 384 0
w 528 384 560 384 0
w 592 400 528 400 0
w 528 400 528 448 0
w 528 448 528 464 0
w 528 464 576 464 0
w 640 480 608 480 0
g 640 448 656 448 0
w 448 368 448 400 0
r 448 448 528 448 0 10000
w 176 128 352 128 0
w 352 128 352 80 0
w 816 48 896 48 0
w 768 64 688 64 0
w 688 64 688 16 0
w 688 16 896 16 0
w 352 80 672 80 0
w 672 80 672 112 0
w 672 112 768 112 0
w 816 96 880 96 0
w 880 96 896 96 0
w 816 128 896 128 0
w 672 112 672 160 0
w 672 160 768 160 0
w 816 144 896 144 0
w 816 176 896 176 0
l 1104 160 1168 160 0 1 0
l 1104 224 1168 224 0 1 0
w 1168 160 1168 192 0
w 1168 192 1168 224 0
w 896 144 992 144 0
s 992 144 1040 144 0 0 false
s 1024 224 1056 224 0 0 false
w 1104 144 1104 160 0
w 896 176 992 176 0
w 992 176 992 224 0
w 992 224 1024 224 0
w 1088 192 1056 192 0
g 1056 192 1040 192 0
w 480 176 512 176 0
w 512 176 512 192 0
w 512 208 480 208 0
w 480 224 560 224 0
w 560 224 560 256 0
w 560 256 576 256 0
s 576 256 608 256 0 1 false
g 608 256 624 256 0
w 512 192 768 192 0
w 512 208 512 192 0
w 768 208 768 256 0
r 768 256 832 256 2 10
178 832 256 880 256 1 1 0.2 0 0.05 1000000 0.02 20
w 880 272 912 272 0
g 912 272 928 272 0
w 880 288 992 288 0
152 1056 288 1008 288 0 2 0 5
w 992 288 1008 288 0
w 1056 272 1104 272 0
s 1104 272 1136 272 0 1 false
R 1136 272 1200 272 0 0 40 10 0 0 0.5
g 880 304 880 320 0
w 1120 320 1088 320 0
w 1088 320 1088 304 0
w 1088 304 1056 304 0
w 1184 336 1232 336 0
s 1232 336 1280 336 0 1 false
r 512 288 464 288 0 1000
w 464 288 432 288 0
w 560 256 560 288 0
w 560 288 512 288 0
178 432 288 400 288 0 1 0.2 0 0.05 1000000 0.02 20
w 432 320 752 320 0
w 752 320 752 336 0
w 752 336 752 352 0
w 752 352 1184 352 0
w 1184 352 1184 336 0
R 1280 336 1328 336 0 0 40 5 0 0 0.5
g 432 336 448 336 0
w 192 320 288 320 0
w 288 320 288 288 0
w 288 288 288 272 0
l 192 320 192 384 2 0.5 0
g 192 384 192 416 0
w 272 464 288 464 0
w 288 320 288 352 0
w 288 352 288 464 0
w 272 464 192 464 0
w 192 464 192 512 0
l 192 512 192 576 0 0.5 0
g 192 576 192 608 0
w 1232 304 1232 416 0
w 1232 416 1232 480 0
w 1232 480 1232 544 0
s 1312 416 1344 416 0 1 false
s 1328 480 1360 480 0 1 false
s 1328 544 1360 544 0 1 false
w 1232 304 1312 304 0
s 1312 304 1360 304 0 0 false
R 1360 304 1392 304 0 0 40 5 0 0 0.5
R 1344 416 1392 416 0 0 40 5 0 0 0.5
R 1360 480 1392 480 0 0 40 5 0 0 0.5
R 1360 544 1392 544 0 0 40 5 0 0 0.5
x 392 98 508 101 4 16 wing\santi\sıce\ssw.
x 433 122 446 125 4 12 off
x 578 277 769 280 4 12 When\sthe\sthrust\slevers\sare\s>60\sTRA
x 566 224 632 227 4 12 Takeoff\slogic
x 255 403 439 406 4 18 L\sVALVE\sOPEN\sLIGHT
x 56 307 295 310 4 18 WTAI\ssolenoid\svalve\sR\sengine
x 1184 194 1358 197 4 18 Left\sWTAI\ssutoff\svalve
x 33 456 269 459 4 18 WTAI\ssolenoid\svalve\sL\sengine
x 1172 228 1212 231 4 18 open
x 1174 159 1216 162 4 18 close
x 802 214 875 217 4 18 K1\sRelay
x 893 114 1079 117 4 18 Right\sWTAI\ssutoff\svalve
x 900 401 989 404 4 14 valve\sin\stransit
x 919 432 1044 435 4 14 switch/valve\sdisagre
x 903 531 1003 534 4 14 valve\snot\sclosed
x 884 494 942 497 4 14 switch\son
s 128 128 176 128 0 1 false
s 128 176 176 176 0 1 false
x 84 96 198 99 4 16 wing\santi\sıce\sc/b
x 87 159 300 162 4 16 Eng.1\swing\santi\sıce\scontrol\sc/b
x 1156 257 1186 260 4 14 in\sair
x 1341 337 1404 340 4 14 on\sgraund
x 1296 282 1435 285 4 14 R.\swing\sgraund\sTAI\ssw
x 1289 393 1426 396 4 14 L.\swing\sgraund\sTAI\ssw
x 1306 458 1404 461 4 14 Eng.1\sWTAI\ssw.
x 1311 516 1409 519 4 14 Eng.2\sWTAI\ssw.
x 907 35 1074 38 4 18 Right\sWTAI\ssutoff\sval
S 384 144 416 144 0 0 false 1 2
w 416 160 432 160 0
w 432 160 432 144 0
w 432 144 448 144 0
S 784 496 832 496 0 0 false 1 2
R 832 512 880 512 0 0 40 5 0 0 0
w 288 272 368 272 0
150 1168 320 1120 320 0 2 0 5
w 1184 336 1168 336 0
w 1232 304 1168 304 0
w 368 272 400 272 0
w 1088 192 1168 192 0
162 1104 128 1168 128 1 2.1024259 1 0 0 0.01
162 1104 240 1168 240 1 2.1024259 1 0 0 0.01
x 616 240 622 243 4 12 o
d 1312 416 1232 416 1 0.805904783
d 1328 480 1232 480 1 0.805904783
d 1328 544 1232 544 1 0.8059047
w 1040 144 1104 144 0
w 1104 144 1104 128 0
w 1168 128 1168 160 0
w 1104 240 1104 224 0
w 1104 224 1056 224 0
w 784 528 784 544 0
w 592 432 640 432 0
w 640 432 640 448 0
w 640 448 640 480 0
w 608 496 640 496 0
w 640 496 640 480 0
d 448 448 448 400 1 0.805904783
