$ 1 0.000005 114.32915054483153 61 5 50
R 128 112 96 112 0 0 60 5 0 0 0.5
s 128 112 160 112 0 1 false
r 320 160 320 240 0 4700
w 160 112 208 112 0
g 160 320 160 352 0
w 160 320 208 320 0
r 256 160 256 240 0 10000
w 208 320 256 320 0
w 208 112 240 112 0
w 256 160 288 160 0
w 288 160 320 160 0
w 256 320 320 320 0
370 288 112 288 160 1 0
370 256 288 256 320 1 0
370 320 288 320 320 1 0
s 240 112 288 112 0 1 false
s 256 288 256 240 0 1 false
s 320 288 320 240 0 1 false
x 181 102 187 105 4 12 1
x 293 102 299 105 4 12 1
x 285 175 291 178 4 12 3
x 328 245 334 248 4 12 5
x 265 244 271 247 4 12 4
x 265 193 280 196 4 12 R1
x 333 194 348 197 4 12 R2
x 258 123 272 126 4 12 S1
x 262 269 276 272 4 12 S2
x 326 270 340 273 4 12 S3
