$ 1 0.000005 10.20027730826997 50 5 50
R 176 64 128 64 0 0 40 12 0 0 0.5
s 176 64 224 64 0 1 false
x 191 85 208 88 4 14 S1
r 320 144 320 80 0 560
w 480 384 448 384 0
w 448 384 432 384 0
w 432 384 416 384 0
w 416 384 384 384 0
w 384 384 352 384 0
w 352 384 336 384 0
w 336 384 272 384 0
w 480 384 576 384 0
w 224 64 320 64 0
g 448 384 448 416 0
x 234 55 241 58 4 14 2
x 173 52 180 55 4 14 1
x 272 375 279 378 4 14 5
x 559 373 566 376 4 14 6
x 331 102 348 105 4 14 R1
x 512 254 529 257 4 14 S3
x 404 375 429 378 4 14 TP2
181 448 96 448 144 0 300 100 12 0.4 0.4
s 320 144 320 208 0 1 true
s 544 224 544 272 0 1 true
177 448 224 416 272 1 0 0 0.01 0.0082 50
w 320 64 320 80 0
w 320 64 448 64 0
w 448 64 448 96 0
w 544 224 544 208 0
w 544 208 544 192 0
w 544 192 448 192 0
w 448 144 448 192 0
w 448 192 448 224 0
w 448 304 448 384 0
w 416 272 320 272 0
w 320 208 320 272 0
w 320 272 272 272 0
x 279 184 296 187 4 14 S2
w 544 192 576 192 0
x 564 183 589 186 4 14 TP1
x 491 88 581 91 4 14 12V\sAC\sLAMP
w 448 272 448 304 0
w 448 304 544 304 0
w 544 304 544 272 0
x 278 263 285 266 4 14 3
x 564 208 571 211 4 14 4
