$ 1 0.000005 10.20027730826997 50 5 48
v 0 336 0 48 0 1 50 5 0 0 0.5
w 0 48 128 48 0
w 128 48 128 112 0
d 128 112 192 176 1 0.805904783
d 128 240 192 176 1 0.805904783
d 64 176 128 112 1 0.805904783
d 64 176 128 240 1 0.805904783
w 128 240 128 336 0
w 128 336 0 336 0
w 64 176 64 272 0
w 192 176 240 176 0
w 64 272 240 272 0
x 625 247 649 250 4 20 S3
x 409 244 433 247 4 20 S2
x 454 152 478 155 4 20 S1
w 384 272 432 272 0
w 384 128 432 128 0
x 580 264 591 267 4 20 9
x 585 211 596 214 4 20 8
x 401 267 412 270 4 20 7
x 401 218 412 221 4 20 6
x 634 209 662 212 4 14 5.1V
x 615 117 626 120 4 20 5
w 432 128 432 96 0
w 608 128 624 128 0
w 384 128 352 128 0
w 608 272 624 272 0
w 496 272 608 272 0
w 432 272 496 272 0
w 352 272 384 272 0
w 608 128 608 160 0
w 576 128 608 128 0
z 608 208 608 160 1 0.805904783 5.6
s 608 272 608 208 0 1 false
s 384 272 384 208 0 1 false
209 384 128 384 208 0 0.00047 0 1
x 635 186 682 189 4 14 ZENER
x 498 118 509 121 4 20 4
s 432 128 496 128 0 1 false
x 379 122 390 125 4 20 3
x 351 288 362 291 4 20 2
x 312 97 323 100 4 20 1
g 496 272 496 288 0
r 496 128 576 128 0 1000
s 272 128 352 128 0 1 false
w 240 176 240 128 0
w 240 128 272 128 0
w 240 272 352 272 0
x 300 158 313 161 4 20 S
207 432 96 464 96 0 TP1
207 624 128 656 128 0 TP2
207 624 272 656 272 0 TP3
x 405 158 416 161 4 16 C
x 527 106 538 109 4 16 R
o 0 32 0 4096 5 0.00009765625 0 2 0 3
