$ 1 0.000005 10.20027730826997 50 5 50
R 112 96 48 96 0 1 400 115 0 0.05235987755982988 0.5
R 112 144 48 144 0 1 400 115 0 0.05235987755982988 0.5
R 112 192 48 192 0 1 400 115 0 0.05235987755982988 0.5
162 800 192 768 128 1 2.1024259 1 0 0 0.01
g 848 128 848 160 0
g 480 416 480 432 0
178 592 192 640 192 0 3 0.2 0 0.05 1000000 0.02 20
w 112 96 592 96 0
w 640 112 672 112 0
w 672 112 672 64 0
w 672 48 800 48 0
w 112 144 592 144 0
w 112 192 592 192 0
w 640 208 800 208 0
w 448 224 592 224 0
178 784 352 736 352 0 1 0.2 0 0.05 1000000 0.02 20
w 592 240 592 336 0
w 592 336 736 336 0
S 512 416 560 416 0 1 false 1 2
w 784 352 864 352 0
w 864 352 864 432 0
w 864 432 560 432 0
178 336 304 368 304 0 1 0.2 0 0.05 1000000 0.02 20
R 96 304 32 304 0 0 40 5 0 0 0.5
w 96 304 336 304 0
w 160 224 448 224 0
w 160 224 96 224 0
w 96 224 96 304 0
w 368 320 496 320 0
w 496 320 496 384 0
w 496 384 720 384 0
w 720 384 720 416 0
w 720 416 784 416 0
w 784 416 784 400 0
R 96 336 32 336 0 0 40 5 0 0 0.5
w 96 336 336 336 0
w 336 352 336 464 0
w 336 464 560 464 0
w 560 464 560 432 0
S 512 496 560 496 0 1 false 1 2
d 928 240 928 288 1 0.805904783
w 784 384 896 384 0
w 896 384 896 240 0
w 896 240 928 240 0
s 768 480 848 480 0 1 false
w 848 480 928 480 0
w 928 288 928 480 0
g 768 480 768 512 0
w 848 480 848 560 0
w 848 560 608 560 0
w 608 560 608 512 0
w 608 512 560 512 0
w 512 496 112 496 0
r 112 496 48 496 0 1000
162 -48 496 48 496 1 2.1024259 1 0 0 0.01
R -48 496 -112 496 0 0 40 5 0 0 0.5
w 928 240 1024 240 0
s 1024 240 1088 240 0 1 true
g 1088 240 1088 256 0
x 287 245 583 248 4 20 Busst\s\spomp\scenter\stank\sleft\srelay
x -144 54 138 57 4 20 115\svolt\sa/c\stransfer\sbus\ssection
x 1001 210 1125 213 4 20 fuel\stest\spanel
x 896 109 1149 112 4 20 Busst\s\spomp\scenter\stank\sleft\s
x 139 360 324 363 4 20 left\sauto\sshutoff\srelay
x 622 449 835 452 4 20 left\sauto\sshutoff\s\std\srelay
x 929 312 1199 315 4 20 left\sauto\sshutoff\sblocking\sdiode
x 673 544 984 547 4 20 low\spressure\sswicht\scenter\stank\sleft
x 790 499 844 502 4 20 18\spsı
x -81 531 272 534 4 20 \scenter\stank\sleft\spomp\slow\spressure\slight
x 321 545 602 548 4 20 \scenter\stank\sleft\sbusst\spomp\ssw.
w 640 160 704 160 0
w 704 160 704 128 0
162 704 128 768 128 1 2.1024259 1 0 0 0.01
162 800 64 768 128 1 2.1024259 1 0 0 0.01
w 768 128 848 128 0
w 800 192 800 208 0
w 672 64 672 48 0
w 800 48 800 64 0
w 512 416 480 416 0
