$ 1 0.000005 10.20027730826997 50 5 50
155 368 208 384 208 2 0
155 560 208 576 208 2 0
155 752 208 768 208 2 0
155 944 208 960 208 2 0
w 560 208 544 208 0
w 368 208 352 208 0
w 752 208 736 208 0
w 944 208 928 208 0
w 944 352 752 352 0
w 752 352 560 352 0
w 560 352 368 352 0
s 160 240 224 240 0 1 false
w 656 208 656 240 0
w 848 208 848 240 0
w 464 208 464 240 0
162 496 160 496 112 2 default-led 1 0 0 0.01
162 688 160 688 112 2 default-led 1 0 0 0.01
162 880 160 880 112 2 default-led 1 0 0 0.01
162 1072 160 1072 112 2 default-led 1 0 0 0.01
g 1152 128 1152 144 0
w 1072 96 1072 112 0
w 880 96 880 112 0
w 688 96 688 112 0
w 496 96 496 112 0
w 160 240 112 240 0
w 224 240 256 240 0
I 368 352 368 272 0 0.5 5
I 560 352 560 272 0 0.5 5
I 752 352 752 272 0 0.5 5
I 944 352 944 272 0 0.5 5
162 224 208 272 208 2 default-led 1 0 0 0.01
w 224 208 224 240 0
w 112 240 112 176 0
s 112 176 112 112 0 1 false
R 112 112 112 48 0 0 40 5 0 0 0.5
x 144 116 204 119 4 16 POWER
x 182 218 190 221 4 16 L
w 304 240 368 240 0
w 464 240 560 240 0
w 656 240 752 240 0
w 848 240 944 240 0
x 134 224 165 227 4 16 CLK
x 128 154 152 157 4 16 ON
x 55 152 86 155 4 16 OFF
x 520 142 543 145 4 16 QA
x 707 142 730 145 4 16 QB
x 901 141 925 144 4 16 QC
x 1096 142 1120 145 4 16 QD
w 352 208 352 160 0
w 352 160 496 160 0
w 496 160 496 272 0
w 496 272 464 272 0
w 544 208 544 160 0
w 544 160 688 160 0
w 688 160 688 272 0
w 688 272 656 272 0
w 736 208 736 160 0
w 736 160 880 160 0
w 880 160 880 272 0
w 880 272 848 272 0
w 928 208 928 160 0
w 928 160 1072 160 0
w 1072 160 1072 272 0
w 1072 272 1040 272 0
w 496 96 688 96 0
w 688 96 880 96 0
w 880 96 1072 96 0
w 1072 96 1152 96 0
w 1152 96 1152 128 0
w 256 240 304 240 0
w 272 208 272 96 0
w 272 96 496 96 0
x 180 261 191 264 4 16 H
151 656 416 576 416 0 2 0 5
w 688 272 688 400 0
w 688 400 656 400 0
w 656 432 1072 432 0
w 1072 272 1072 432 0
w 576 416 368 416 0
w 368 416 368 352 0
