$ 1 0.000005 10.20027730826997 50 5 50
R 176 96 128 96 0 0 40 5 0 0 0.5
R 176 160 128 160 0 0 40 5 0 0 0.5
R 160 288 112 288 0 0 40 5 0 0 0.5
S 400 144 432 144 0 1 false 1 2
S 400 192 432 192 0 1 false 2 2
S 400 240 432 240 0 1 false 2 2
S 640 128 672 128 0 1 false 0 2
178 672 192 656 192 0 1 0.2 0 0.05 1000000 0.02 20
S 656 304 688 304 0 0 false 0 2
S 384 336 368 336 0 0 false 0 2
S 480 336 448 336 0 0 false 0 2
S 880 336 912 336 0 1 false 0 2
l 832 160 896 160 0 1 0
l 848 208 896 208 0 1 0
l 848 256 896 256 0 1 0
S 272 272 304 272 0 1 false 0 2
S 160 288 192 288 0 1 false 0 2
w 192 304 240 304 0
w 240 304 240 272 0
w 240 272 272 272 0
w 304 288 368 288 0
w 368 288 368 240 0
w 368 240 400 240 0
l 848 304 896 304 0 1 0
w 432 256 576 256 0
w 576 256 576 384 0
w 576 384 832 384 0
w 832 384 832 304 0
w 832 304 848 304 0
w 992 304 992 400 0
w 992 400 512 400 0
g 464 416 416 416 0
w 176 160 352 160 0
w 352 160 352 144 0
w 352 144 400 144 0
w 432 128 432 80 0
w 432 80 720 80 0
w 720 80 768 80 0
w 768 80 816 80 0
w 816 80 816 160 0
w 816 160 832 160 0
g 944 160 976 160 0
162 896 160 944 160 1 2.1024259 1 0 0 0.01
162 896 208 944 208 1 2.1024259 1 0 0 0.01
w 944 208 944 160 0
w 432 160 592 160 0
w 592 160 592 128 0
w 592 128 640 128 0
w 672 144 784 144 0
w 784 144 784 208 0
w 784 208 848 208 0
w 784 208 688 208 0
w 688 208 688 192 0
w 688 192 672 192 0
w 656 176 560 176 0
w 560 176 464 176 0
w 400 208 400 192 0
w 464 176 464 112 0
w 464 112 320 112 0
w 320 112 320 208 0
w 320 208 400 208 0
w 432 176 448 176 0
w 448 176 448 64 0
w 448 64 800 64 0
w 800 64 800 256 0
w 800 256 848 256 0
162 896 256 944 256 1 2.1024259 1 0 0 0.01
162 896 304 992 304 1 2.1024259 1 0 0 0.01
w 944 256 944 208 0
w 176 96 320 96 0
w 320 96 320 48 0
w 320 48 704 48 0
w 704 48 704 224 0
w 704 224 672 224 0
w 672 240 672 272 0
w 672 272 496 272 0
w 496 272 480 336 0
w 448 320 416 320 0
w 416 320 384 336 0
S 512 400 464 400 0 0 false 0 2
w 496 272 512 320 0
w 512 320 656 320 0
w 656 320 656 304 0
w 688 288 800 288 0
w 800 288 800 336 0
w 800 336 880 336 0
g 912 352 960 352 0
x 444 218 550 221 4 24 L\spack\ssw
x 383 166 404 169 4 20 off
x 360 222 401 225 4 20 Auto
x 379 269 417 272 4 20 hıgh
x 833 127 935 130 4 24 L\sFCSOV
x 899 145 945 148 4 20 close
x 826 236 941 239 4 20 low\sflow\smod
x 890 193 934 196 4 20 open
x 814 282 978 285 4 20 Apu\shigh\sflow\smod
x 224 242 355 245 4 18 Gnd\ssense\srelay
x 321 370 442 373 4 18 Eng.bleed\ssw.s
x 619 349 753 352 4 18 ram\smod\scont.rly
x 672 244 792 247 4 16 k\s18\sflow\smod\srly
x 430 433 538 436 4 18 Apu\sbleed\ssw
x 119 260 224 263 4 18 Apu\scont.unit
x 601 158 722 161 4 16 pack\soverheat\srly
x 49 153 228 156 4 16 A/C\sPack\sCont\sValve\sLeft
x 436 412 453 415 4 16 on
x 437 387 454 390 4 16 off
x 692 324 727 327 4 16 open
x 674 140 710 143 4 16 norm
x 687 281 724 284 4 16 close
x 679 117 705 120 4 14 ovht
x 356 313 373 316 4 16 off
g 368 320 304 320 0
x 432 314 449 317 4 16 off
x 421 350 438 353 4 16 on
x 337 351 354 354 4 16 on
x 108 89 204 92 4 16 A/C\sOverheat
x 186 331 222 334 4 16 95\s%
x 318 253 335 256 4 16 air
x 318 279 344 282 4 16 gnd
x 881 370 934 373 4 16 R\sfcsov
x 921 348 958 351 4 16 close
