$ 1 0.000005 10.20027730826997 50 5 50
r 608 160 688 160 0 680
r 608 288 608 368 0 10000
s 480 160 544 160 0 1 false
w 576 160 608 160 0
R 448 160 416 160 0 0 40 12 0 0 0.5
w 480 160 448 160 0
x 503 173 522 176 4 16 S1
x 635 141 652 144 4 14 R1
x 637 267 654 270 4 14 R2
w 608 240 608 160 0
j 560 256 608 256 0 -4 0.00125
w 736 368 704 368 0
w 704 368 656 368 0
w 656 368 608 368 0
g 656 368 656 384 0
x 479 149 486 152 4 14 1
x 547 153 554 156 4 14 2
x 552 226 559 229 4 14 3
x 554 359 561 362 4 14 4
x 767 226 774 229 4 14 5
x 761 351 768 354 4 14 6
x 630 224 648 227 4 14 Q1
x 622 245 663 248 4 14 BF245
r 480 256 544 256 0 1000
r 608 288 688 288 0 100000
w 608 272 608 288 0
t 688 288 736 288 0 -1 0 0 100
162 736 192 736 240 1 2.1024259 1 0 0 0.01
w 736 240 736 272 0
w 736 192 736 160 0
w 688 160 736 160 0
w 736 304 736 368 0
174 480 304 480 352 0 10000 0.5 Resistance
w 480 256 480 304 0
w 544 368 608 368 0
w 496 336 512 336 0
w 512 336 512 368 0
w 512 368 480 368 0
209 544 288 544 336 0 0.000009999999999999999 0 1
w 560 256 544 256 0
w 544 256 544 288 0
w 544 336 544 368 0
w 544 368 512 368 0
x 756 287 774 290 4 14 Q2
x 751 302 793 305 4 14 BC547
x 503 233 520 236 4 14 R3
x 619 321 636 324 4 14 R4
x 552 298 569 301 4 14 C1
s 544 224 544 176 0 1 true
w 544 224 544 256 0
w 544 176 544 160 0
w 544 160 576 160 0
x 552 207 571 210 4 16 S2
207 736 240 800 240 0 TP2
207 736 368 768 368 0 TP3
207 544 288 528 288 0 TP1
x 487 319 504 322 4 14 P1
