$ 1 0.000005 10.20027730826997 57 5 50
v 128 240 128 160 0 1 1000 1 0 0 0.5
w 112 240 128 240 0
r 384 144 384 208 0 10000
g 384 240 384 256 0
s 128 160 176 160 0 1 false
s -16 64 48 64 0 1 false
R -16 64 -48 64 0 0 40 12 0 0 0.5
w 128 240 272 240 0
w 384 208 384 240 0
207 384 144 416 144 0 TP2
207 128 160 80 160 0 TP1
207 384 240 416 240 0 TP3
x -22 55 -16 58 4 12 1
x 44 53 50 56 4 12 2
x 126 153 132 156 4 12 3
x 394 132 400 135 4 12 4
x 132 235 138 238 4 12 5
x 366 232 372 235 4 12 6
x 3 84 20 87 4 14 S1
x 143 171 160 174 4 14 S2
a 272 144 384 144 0 15 -15 1000000 0 0
w 272 240 384 240 0
w 288 80 272 80 0
w 272 80 272 128 0
w 352 80 384 80 0
w 384 80 384 144 0
w 288 80 352 80 0
w 272 160 176 160 0
x 395 170 412 173 4 14 R1
o 0 64 0 4096 5 0.00009765625 0 2 0 3
o 9 64 0 4100 0.0000762939453125 0.00009765625 1 2 9 3
