$ 1 0.000005 10.20027730826997 50 5 50
R 112 112 80 112 0 0 40 5 0 0 0.5
R 112 144 80 144 0 0 40 5 0 0 0.5
R 112 176 80 176 0 0 40 5 0 0 0.5
R 96 320 64 320 0 0 40 5 0 0 0.5
s 112 112 144 112 0 1 false
s 112 144 144 144 0 1 false
s 112 176 144 176 0 1 false
w 320 112 800 112 0
l 800 112 768 160 0 1 0
l 720 160 768 160 0 1 0
l 768 160 800 208 0 1 0
w 320 160 688 160 0
w 688 160 720 160 0
w 800 208 672 208 0
w 320 208 672 208 0
w 768 160 832 160 0
162 832 160 880 160 1 2.1024259 0 1 0 0.01
g 880 160 896 160 0
178 320 208 304 208 0 3 0.2 0 0.05 1000000 0.02 20
w 144 112 272 112 0
w 272 112 272 128 0
w 272 128 304 128 0
w 144 144 272 144 0
w 272 144 272 176 0
w 272 176 304 176 0
w 144 176 256 176 0
w 256 176 256 224 0
w 256 224 304 224 0
s 96 320 128 320 0 1 false
w 128 320 272 320 0
w 320 320 320 256 0
s 736 240 768 240 0 0 false
s 800 240 832 240 0 0 false
s 864 240 896 240 0 0 false
w 768 240 800 240 0
w 832 240 864 240 0
w 736 240 320 240 0
S 816 320 848 320 0 1 false 0 2
w 848 336 896 336 0
w 896 336 896 240 0
s 640 320 672 320 0 0 false
w 672 320 816 320 0
w 640 320 592 320 0
w 592 320 592 416 0
w 592 416 688 416 0
178 496 304 512 304 0 1 0.2 0 0.05 1000000 0.02 20
w 496 304 448 304 0
g 448 304 432 304 0
w 512 288 592 288 0
s 384 336 416 336 0 0 true
w 416 336 448 336 0
g 496 352 496 368 0
w 384 336 368 336 0
w 272 320 320 320 0
w 592 288 592 320 0
162 448 336 496 336 1 2.1024259 1 0 0 0.01
178 272 432 240 432 1 2 0.2 0 0.05 1000000 0.02 20
w 352 384 272 384 0
w 272 320 272 352 0
w 272 352 240 352 0
w 240 352 240 368 0
w 352 384 352 336 0
w 352 336 368 336 0
s 112 416 144 416 0 1 false
s 112 448 144 448 0 1 false
w 144 416 176 416 0
w 144 448 176 448 0
R 112 416 64 416 0 0 40 5 0 0 0.5
R 112 448 64 448 0 0 40 5 0 0 0.5
d 176 448 176 416 1 0.805904783
x 3 405 106 408 4 12 point\slevel\ssensor\s1
x 155 496 432 499 4 18 Wacum\swaste\slogic\scontrol\smodule
x 0 439 103 442 4 12 point\slevel\ssensor\s2
x 355 358 438 361 4 20 Flush\ssw.
x 672 333 706 336 4 12 closed
x 458 369 572 372 4 18 Blower\scontrol
x 595 345 783 348 4 12 Waste\sdrain\sball\svalve\sproximity\ssw.
x 675 299 701 302 4 12 open
x 816 356 963 359 4 14 Barometric\spressure\ssw
x 825 294 934 297 4 14 16.000\sfeet\sunder
x 724 226 858 229 4 18 thermal\sswitches
x 860 330 972 333 4 14 16.000\sfeet\sabove
x 730 260 841 263 4 18 open\sat\s270\sF
x 206 272 367 275 4 18 Vacum\sBlover\sRelay
x 841 112 962 115 4 18 vacuum\sblower
w 176 416 176 400 0
w 176 400 208 400 0
w 208 400 208 416 0
w 208 448 208 464 0
w 208 464 240 464 0
g 240 480 240 496 0
w 208 416 208 448 0
w 208 448 240 448 0
w 272 432 448 432 0
w 448 336 448 432 0
x 8 98 212 101 4 18 vacuum\swaste\sblover\sC/B
x 46 471 149 474 4 20 Waste\sTank
