$ 1 0.000005 10.20027730826997 50 5 50
R 704 -96 656 -96 0 0 40 5 0 0 0.5
s 704 -96 784 -96 0 1 false
w 1056 144 1024 144 0
w 1056 176 1024 176 0
S 912 128 832 128 0 0 false 0 2
162 960 144 1024 144 1 2.1024259 1 0 0 0.01
162 1184 160 1280 160 1 2.1024259 1 0 0 0.01
162 960 176 1024 176 1 2.1024259 1 0 0 0.01
S 912 192 832 192 0 0 false 0 2
w 912 128 912 144 0
w 912 176 912 192 0
w 832 176 784 176 0
w 832 112 784 112 0
w 832 144 800 144 0
w 832 208 800 208 0
w 800 144 800 208 0
w 784 176 784 112 0
w 784 -64 784 -96 0
r 1056 208 1056 272 0 330
r 1024 208 1024 272 0 330
w 1056 208 1056 176 0
w 1024 208 1024 144 0
w 1024 272 1040 272 0
w 1040 272 1056 272 0
x 734 -78 753 -75 4 16 S1
x 1088 120 1122 123 4 16 XOR
x 794 -91 827 -88 4 16 VCC
x 839 106 849 109 4 14 H
x 837 139 844 142 4 14 L
x 840 204 847 207 4 14 L
x 841 172 851 175 4 14 H
x 876 106 895 109 4 16 S4
x 873 178 892 181 4 16 S5
w 960 144 912 144 0
w 960 176 912 176 0
x 945 130 954 133 4 14 A
x 947 169 956 172 4 14 B
x 1222 132 1231 135 4 14 Y
207 1280 160 1312 160 0 TP2
207 1280 416 1312 416 0 TP3
x 1222 388 1231 391 4 14 Y
x 947 425 956 428 4 14 B
x 945 386 954 389 4 14 A
w 960 432 912 432 0
w 960 400 912 400 0
x 873 434 892 437 4 16 S7
x 876 362 895 365 4 16 S6
x 841 428 851 431 4 14 H
x 840 460 847 463 4 14 L
x 837 395 844 398 4 14 L
x 839 362 849 365 4 14 H
x 1131 394 1177 397 4 16 XNOR
w 1040 528 1056 528 0
w 1024 528 1040 528 0
g 1024 528 1024 544 0
w 1024 464 1024 400 0
w 1056 464 1056 432 0
r 1024 464 1024 528 0 330
r 1056 464 1056 528 0 330
w 784 368 784 320 0
w 784 432 784 368 0
w 800 400 800 464 0
w 832 464 800 464 0
w 832 400 800 400 0
w 832 368 784 368 0
w 832 432 784 432 0
w 912 432 912 448 0
w 912 384 912 400 0
S 912 448 832 448 0 0 false 0 2
162 960 432 1024 432 1 2.1024259 1 0 0 0.01
162 1232 416 1280 416 1 2.1024259 1 0 0 0.01
162 960 400 1024 400 1 2.1024259 1 0 0 0.01
S 912 384 832 384 0 0 false 0 2
w 1056 432 1024 432 0
w 1056 400 1024 400 0
w 784 176 784 320 0
w 1280 160 1280 208 0
w 1280 272 1056 272 0
w 1008 272 800 272 0
w 800 208 800 272 0
w 1008 272 1024 272 0
w 800 272 800 400 0
w 800 464 800 528 0
w 800 528 1024 528 0
w 1056 528 1280 528 0
w 1280 464 1280 416 0
207 1280 528 1312 528 0 TP4
154 1056 160 1184 160 0 2 0 5
154 1056 416 1168 416 0 2 0 5
I 1168 416 1232 416 0 0.5 5
180 1088 -32 1184 -32 0 0.1 10000000000
w 1056 16 1056 -32 0
w 1088 16 1088 0 0
r 1056 16 1056 80 0 330
r 1088 16 1088 80 0 330
162 992 0 1056 0 1 2.1024259 1 0 0 0.01
162 992 -32 1056 -32 1 2.1024259 1 0 0 0.01
w 1088 0 1056 0 0
w 1088 -32 1056 -32 0
w 1088 0 1136 0 0
w 1136 0 1136 -16 0
w 1280 -32 1280 16 0
207 1280 -32 1312 -32 0 TP1
162 1184 -32 1280 -32 1 2.1024259 1 0 0 0.01
w 992 0 944 0 0
w 992 -32 944 -32 0
x 905 2 924 5 4 16 S3
x 897 -72 916 -69 4 16 S2
w 944 0 944 16 0
w 944 -48 944 -32 0
S 944 16 864 16 0 0 false 0 2
S 944 -48 864 -48 0 0 false 0 2
w 864 -64 784 -64 0
w 864 0 784 0 0
w 784 -64 784 0 0
w 784 0 784 112 0
w 800 144 800 80 0
w 800 32 864 32 0
w 800 32 800 -32 0
w 800 -32 864 -32 0
w 1280 80 1168 80 0
w 1168 80 1088 80 0
w 1088 80 1056 80 0
w 1056 80 800 80 0
w 800 80 800 32 0
x 981 -53 990 -50 4 14 A
x 972 20 991 23 4 14 CE
x 1059 -62 1207 -59 4 16 TRI-STATE\sBUFFER
x 861 -72 871 -69 4 14 H
x 859 -7 869 -4 4 14 H
x 864 -36 871 -33 4 14 L
x 858 24 865 27 4 14 L
r 1280 16 1280 80 0 330
r 1280 208 1280 272 0 330
r 1280 464 1280 528 0 330
