$ 1 0.000005 10.20027730826997 50 5 50
R -544 -80 -592 -80 0 0 40 28 0 0 0.5
178 -416 -96 -448 -96 0 1 0.2 -1.399999999999778 0.05 1000000 0.02 20
w -544 -80 -448 -80 0
w -416 -48 -416 16 0
R -560 16 -608 16 0 0 40 28 0 0 0.5
R -576 64 -608 64 0 0 40 5 0 0 0.5
s -576 64 -528 64 0 1 false
w -416 64 -416 16 0
s -560 16 -528 16 0 1 false
w -528 16 -416 16 0
R -608 256 -640 256 0 1 400 28 0 0 0.5
v -416 320 -416 272 0 0 40 28 0 0 0.5
g -416 320 -416 352 0
b -337 339 -505 218 0
w -416 144 -416 0 0
S -608 256 -560 256 0 1 false 1 2
w -560 272 -448 272 0
w -416 0 -416 16 0
w -528 64 -416 64 0
S -416 272 -368 272 0 1 false 1 2
w -368 288 -320 288 0
w -320 288 -320 144 0
w -320 144 -416 144 0
w -416 -64 -176 -64 0
S -112 -96 -48 -96 0 1 false 0 2
w -176 -64 -112 -64 0
w -112 -64 -112 -96 0
g 48 -80 48 -64 0
w -416 -96 -224 -96 0
w -224 -96 -224 -144 0
w -224 -144 144 -144 0
w 144 -144 144 -48 0
w 144 -48 144 48 0
w 144 48 144 144 0
w 144 144 144 240 0
181 -16 240 32 240 0 810.9997473445064 100 120 0.4 0.4
181 -32 144 32 144 0 810.9997473445064 100 120 0.4 0.4
w 32 240 144 240 0
w 32 144 144 144 0
g -144 256 -144 272 0
S 320 -128 384 -128 0 0 false 0 2
w 144 -144 240 -144 0
w 240 -144 240 -128 0
w 240 -128 320 -128 0
w 384 -144 544 -144 0
w 544 -144 544 -80 0
w 544 -80 768 -80 0
370 768 -80 864 -80 1 0
S 864 -80 960 -80 0 1 false 2 2
l 960 336 960 400 0 1 29.118632202546465
w 240 176 336 176 0
w 400 176 832 176 0
w 960 176 960 336 0
162 336 176 400 176 1 2.1024259 1 0 0 0.01
w 832 176 832 416 0
w 240 336 48 336 0
d -176 336 48 336 1 0.805904783
w -176 336 -176 -64 0
d 240 96 240 176 1 0.805904783
w 240 96 960 96 0
162 960 400 960 432 1 2.1024259 1 0 0 0.01
w 960 -64 960 96 0
w 960 96 960 176 0
w 960 432 960 480 0
g 432 352 432 368 0
g 864 416 864 448 0
s 256 224 304 224 0 1 true
w 304 224 336 224 0
w 336 208 336 176 0
w 336 208 336 224 0
w 256 224 192 224 0
w 192 224 192 144 0
w 192 144 144 144 0
x -399 -29 -199 -26 4 20 refueling\spw.cont.relay
x -54 -57 -14 -54 4 18 open
x -146 -28 17 -25 4 20 fueling\spw.cont.sw
x -31 -116 11 -113 4 18 close
x 213 -76 463 -73 4 20 tank\s1\s\sfueling\svalve\scont.sw
x 378 -159 420 -156 4 18 close
x 413 -104 453 -101 4 18 open
x 232 15 538 18 4 30 FUELING\sPANEL\sP\s15
x 355 217 624 220 4 20 tank\s1\s\sfueling\svalve\sopen\slight
x 250 250 331 253 4 20 lamp\stest
x 663 -116 903 -113 4 24 tank\s1\sfueling\sindicator
x 845 -15 1082 -12 4 24 tank\s1\sfueling\sfload\ssw
x 946 -107 976 -104 4 24 full
x 970 -51 1040 -48 4 24 not\sfull
x 980 420 1193 423 4 24 Tank\s1\sfueling\svalve
S 240 400 336 400 0 0 false 0 2
g 160 400 160 432 0
r 336 416 432 416 0 1000
w 432 416 832 416 0
w 864 416 864 -80 0
S 240 336 336 336 0 0 false 0 2
x 82 377 240 380 4 24 fueling\stest\ssw.
x 288 315 506 318 4 24 fuel\sdoor\ssw.\sbypass
x 235 447 359 450 4 24 test\sgauges
g 960 480 960 512 0
x -115 92 145 95 4 20 outbd\sfueling\spanel\sflood\slight
x -122 269 147 272 4 20 outbd\sfueling\snozzle\sflood\slight
x -692 -100 -511 -97 4 24 fueling\skontrol\scb
x -731 7 -570 10 4 24 sw\shot\sbatt.bus
x -708 94 -576 97 4 24 28\sv\sDC\sbus
x -676 311 -559 314 4 24 ext.\s\spower
w 832 416 864 416 0
w -48 -80 48 -80 0
w -16 240 -144 240 0
w -144 256 -144 240 0
w -144 240 -144 160 0
w -32 144 -144 144 0
w -144 144 -144 160 0
w 432 352 336 352 0
w 240 400 160 400 0
o 47 64 0 4100 163840 819.2 0 2 47 3
