$ 1 0.000005 14.841315910257661 48 5 50
v 32 224 32 144 0 1 50 2 0 0 0.5
r 144 96 144 160 0 1000
s 48 96 96 96 0 1 false
w 32 144 32 96 0
w 96 96 144 96 0
w 144 160 144 192 0
w 144 256 144 272 0
w 144 272 32 272 0
w 32 272 32 224 0
w 32 96 48 96 0
g 32 272 32 304 0
x 29 87 36 90 4 13 1
x 142 87 149 90 4 13 2
x 177 264 184 267 4 13 5
l 144 208 144 256 0 0.001 0
207 144 96 176 96 0 TP1
207 144 160 176 160 0 3
207 144 192 208 192 0 TP2
207 144 272 208 272 0 TP3
w 144 192 144 208 0
x 174 188 181 191 4 13 4
x 67 113 84 116 4 14 S1
x 157 122 166 125 4 13 R
x 163 224 170 227 4 13 L
