$ 1 0.000005 10.20027730826997 50 5 50
d 576 176 640 176 1 0.805904783
d 576 336 640 336 1 0.805904783
r 816 192 816 272 0 1000
g 816 400 816 432 0
w 576 176 576 240 0
w 560 144 528 144 0
w 576 368 544 368 0
x 537 204 552 207 4 13 S1
x 832 225 843 228 4 16 R
x 828 353 835 356 4 13 6
x 515 144 522 147 4 14 1
x 519 380 526 383 4 14 2
d 640 176 704 176 1 0.805904783
d 640 336 704 336 1 0.805904783
w 704 176 704 336 0
w 640 144 640 176 0
w 560 144 640 144 0
w 528 144 528 176 0
w 528 368 528 336 0
w 576 368 640 368 0
w 640 368 640 336 0
w 704 176 752 176 0
w 576 240 576 336 0
w 576 240 560 240 0
w 560 240 560 400 0
w 560 400 816 400 0
w 816 400 816 352 0
s 816 352 816 304 0 1 false
w 816 304 816 272 0
w 752 176 816 176 0
w 816 176 816 192 0
x 878 389 885 392 4 14 4
207 816 304 848 304 0 5
x 602 325 622 328 4 16 D3
x 595 203 615 206 4 16 D1
x 662 204 682 207 4 16 D2
x 661 321 681 324 4 16 D4
207 640 144 672 144 0 TP1
207 816 176 864 176 0 TP2
207 816 400 864 400 0 TP4
207 640 368 672 368 0 TP3
w 544 368 528 368 0
s 528 224 528 176 0 1 false
v 528 240 528 304 0 1 50 12 0 0 0.5
w 528 240 528 224 0
w 528 304 528 336 0
x 825 333 840 336 4 13 S2
