$ 1 0.000005 10.20027730826997 50 5 50
c 464 336 464 384 0 1.0000000000000001e-7 0
c 560 336 560 384 0 2.2e-7 0
c 768 240 816 240 0 5.6e-7 0
c 768 352 816 352 0 2.2e-7 0
c 1008 240 1056 240 0 0.00068 0
l 336 224 336 288 0 0.01 0
l 336 336 336 400 0 0.01 0
r 848 112 848 176 0 50000
r 960 112 960 176 0 1200
r 848 368 848 432 0 10000
r 960 368 960 432 0 430
t 928 272 960 272 0 1 0 0 100
s 464 272 464 208 0 1 false
s 560 272 560 208 0 1 false
s 640 272 640 208 0 1 false
s 416 112 496 112 0 1 false
R 416 112 368 112 0 0 40 12 0 0 0.5
g 912 432 912 464 0
g 272 320 272 352 0
w 272 320 336 320 0
w 336 320 336 336 0
w 336 320 336 288 0
w 336 224 336 192 0
w 336 192 464 192 0
w 464 192 464 208 0
w 464 192 560 192 0
w 560 192 560 208 0
w 560 192 640 192 0
w 640 192 640 208 0
w 640 192 736 192 0
w 736 224 736 240 0
w 736 240 768 240 0
w 640 288 640 336 0
w 560 288 560 336 0
w 464 288 464 336 0
w 336 400 336 432 0
w 336 432 464 432 0
w 464 400 464 432 0
w 464 432 560 432 0
w 560 400 560 432 0
w 560 432 640 432 0
w 640 400 640 432 0
w 640 432 768 432 0
w 768 352 768 432 0
w 816 240 816 272 0
w 816 272 928 272 0
w 848 176 848 352 0
w 816 352 848 352 0
w 848 352 848 368 0
w 1008 240 960 240 0
w 960 240 960 256 0
w 960 240 960 176 0
w 960 288 960 368 0
w 848 432 912 432 0
w 912 432 960 432 0
w 960 432 976 432 0
w 848 432 832 432 0
w 496 112 848 112 0
w 848 112 960 112 0
207 1056 240 1088 240 0 TP1
207 976 432 1024 432 0 TP2
x 444 90 461 93 4 14 S1
x 649 253 666 256 4 14 S4
x 576 248 593 251 4 14 S3
x 476 249 493 252 4 14 S2
x 358 241 373 244 4 14 L1
x 358 348 373 351 4 14 L2
x 777 324 794 327 4 14 C4
x 1017 208 1034 211 4 14 C6
x 774 210 791 213 4 14 C5
x 859 137 876 140 4 14 R1
x 970 139 987 142 4 14 R3
x 860 391 877 394 4 14 R2
x 973 396 990 399 4 14 R4
x 972 270 990 273 4 14 Q1
x 974 289 1016 292 4 14 BC547
x 412 102 418 105 4 12 1
x 818 446 831 449 4 12 10
x 1055 259 1061 262 4 12 9
x 643 284 649 287 4 12 8
x 640 181 646 184 4 12 7
x 574 283 580 286 4 12 6
x 560 177 566 180 4 12 5
x 476 284 482 287 4 12 4
x 450 174 456 177 4 12 3
x 488 99 494 102 4 12 2
x 980 452 992 455 4 12 11
c 640 336 640 384 0 3.3e-7 0
w 640 272 640 288 0
w 560 272 560 288 0
w 464 272 464 288 0
w 736 192 736 224 0
w 464 384 464 400 0
w 560 384 560 400 0
w 640 384 640 400 0
x 474 342 491 345 4 14 C1
x 570 340 587 343 4 14 C2
x 654 343 671 346 4 14 C3
