$ 1 0.000005 10.20027730826997 57 5 50
s 32 112 32 64 0 1 false
g 288 192 288 208 0
207 416 32 464 32 0 TP2
207 32 48 -16 48 0 TP1
x 31 -49 48 -46 4 14 S1
x 15 -77 21 -74 4 12 1
x 76 -77 82 -74 4 12 2
x 31 33 37 36 4 12 3
x 365 181 371 184 4 12 6
v 32 128 32 176 0 1 50 2 0 0 0.5
x 50 94 67 97 4 14 S2
x 250 88 267 91 4 14 C2
x 61 -72 67 -69 4 12 4
w 32 64 32 48 0
w 32 112 32 128 0
c 144 -64 208 -64 0 1e-9 0
w 240 192 144 192 0
w 144 192 32 192 0
w 32 192 32 176 0
x 415 14 421 17 4 12 5
x 50 184 56 187 4 12 4
207 352 192 400 192 0 TP3
x 167 -98 184 -95 4 14 C1
w 352 192 288 192 0
w 288 192 240 192 0
a 304 32 400 32 0 15 -15 1000000 0 0
r 64 48 128 48 0 10000
r 160 48 224 48 0 10000
r 304 -32 368 -32 0 4700
r 288 80 288 144 0 10000
w 32 48 64 48 0
w 128 48 144 48 0
w 144 48 144 -32 0
w 160 48 144 48 0
w 256 48 304 48 0
w 288 80 288 16 0
w 288 16 304 16 0
w 288 16 288 -32 0
w 288 -32 304 -32 0
w 368 -32 400 -32 0
w 400 -32 400 32 0
w 400 32 416 32 0
c 240 128 240 80 0 1e-9 0
w 224 48 240 48 0
w 240 48 256 48 0
w 240 48 240 80 0
w 240 128 240 192 0
w 288 144 288 192 0
R 16 -64 -32 -64 0 0 40 12 0 0 0.5
s 16 -64 64 -64 0 1 false
w 144 -32 144 -64 0
w 208 -64 400 -64 0
w 400 -64 400 -32 0
x 90 23 107 26 4 14 R1
x 182 25 199 28 4 14 R2
x 303 102 320 105 4 14 R3
x 327 -51 341 -48 4 14 Rf
