$ 1 0.000005 10.20027730826997 50 5 50
R 16 -144 -64 -144 0 0 40 5 0 0 0.5
s 16 -144 80 -144 0 1 false
w 128 -144 80 -144 0
x -2 -69 88 -66 4 24 POWER
x 31 -106 67 -103 4 24 ON
x 26 -183 73 -180 4 24 OFF
162 368 -144 368 -80 2 default-led 1 0 0 0.01
162 368 0 368 64 2 default-led 1 0 0 0.01
g 368 -80 368 -64 0
g 368 64 368 80 0
w 544 -144 480 -144 0
x 248 -116 265 -113 4 24 H
x 247 -173 260 -170 4 24 L
s 224 -144 320 -144 0 1 false
w 480 -144 368 -144 0
w 368 -144 320 -144 0
x 334 -106 348 -103 4 20 D
w 160 0 160 -144 0
w 128 -144 160 -144 0
w 224 -144 160 -144 0
w 368 0 528 0 0
x 219 -19 232 -16 4 24 L
x 214 32 231 35 4 24 H
x 299 40 337 43 4 20 CLK
w 208 0 160 0 0
w 368 0 304 0 0
g 816 48 816 64 0
162 720 -32 800 -32 2 default-led 1 0 0 0.01
s 208 0 304 0 0 1 false
w 528 0 624 0 0
w 544 -144 544 -32 0
w 544 -32 624 -32 0
162 720 0 800 0 2 default-led 1 0 0 0.01
w 800 -32 816 -32 0
w 816 -32 816 0 0
w 800 0 816 0 0
w 816 0 816 48 0
155 624 -32 656 -32 6 0
s 352 128 448 128 0 1 false
w 512 128 448 128 0
x 443 168 483 171 4 20 CLR
w 512 128 672 128 0
g 512 192 512 208 0
162 512 128 512 192 2 default-led 1 0 0 0.01
x 453 -231 491 -228 4 20 SET
w 512 -272 464 -272 0
w 576 -272 512 -272 0
s 368 -272 464 -272 0 1 false
x 391 -301 404 -298 4 24 L
x 392 -244 409 -241 4 24 H
g 512 -208 512 -192 0
162 512 -272 512 -208 2 default-led 1 0 0 0.01
w 352 128 160 128 0
w 160 0 160 128 0
w 160 -144 160 -272 0
w 160 -272 368 -272 0
w 576 -272 576 32 0
w 576 32 624 32 0
w 672 128 752 128 0
w 752 128 752 32 0
w 752 32 720 32 0
x 396 93 409 96 4 24 L
x 396 169 413 172 4 24 H
