$ 1 0.000005 23.47059216675035 54 5 50
155 448 208 496 208 0 5
155 656 208 704 208 0 5
155 864 208 912 208 0 5
155 1072 208 1120 208 0 5
w 416 336 448 336 0
w 448 336 448 240 0
w 448 336 656 336 0
w 656 336 656 240 0
w 656 336 864 336 0
w 864 336 864 240 0
w 864 336 1072 336 0
w 1072 336 1072 240 0
w 416 208 448 208 0
s 320 208 384 208 0 1 false
s 320 336 384 336 0 1 false
162 800 208 800 144 2 default-led 1 0 0 0.01
162 592 208 592 144 2 default-led 1 0 0 0.01
162 1008 208 1008 144 2 default-led 1 0 0 0.01
162 1200 208 1200 144 2 default-led 1 0 0 0.01
w 592 144 800 144 0
w 800 144 1008 144 0
w 1008 144 1200 144 0
w 1200 144 1280 144 0
w 1200 208 1168 208 0
w 1072 208 1008 208 0
w 1008 208 960 208 0
w 864 208 800 208 0
w 800 208 752 208 0
w 656 208 592 208 0
w 592 208 544 208 0
w 416 208 384 208 0
w 416 336 384 336 0
s 224 208 288 208 0 1 false
R 224 208 176 208 0 0 40 5 0 0 0.5
w 320 208 320 336 0
w 320 208 288 208 0
x 202 259 254 262 4 14 POWER
x 382 237 393 240 4 16 D
162 416 208 416 256 2 default-led 1 0 0 0.01
162 416 336 416 384 2 default-led 1 0 0 0.01
g 416 256 416 272 0
g 416 384 416 400 0
g 1280 144 1280 176 0
x 366 363 397 366 4 16 CLK
x 346 182 354 185 4 16 L
x 346 233 357 236 4 16 H
x 250 181 281 184 4 16 OFF
x 343 308 351 311 4 16 L
x 249 232 273 235 4 16 ON
x 337 364 348 367 4 16 H
x 618 175 641 178 4 16 QA
x 828 177 851 180 4 16 QB
x 1031 180 1055 183 4 16 QC
x 1219 180 1243 183 4 16 QD
