$ 1 0.000005 10.20027730826997 50 5 50
155 368 208 384 208 2 0
155 560 208 576 208 2 0
155 752 208 768 208 2 0
155 944 208 960 208 2 0
w 560 208 480 208 0
w 480 208 480 384 0
w 368 208 288 208 0
w 288 208 288 384 0
w 752 208 688 208 0
w 688 208 688 384 0
w 944 208 880 208 0
w 880 208 880 384 0
w 496 240 496 320 0
w 304 240 304 320 0
w 704 240 704 320 0
w 896 240 896 320 0
w 896 320 704 320 0
w 704 320 496 320 0
w 496 320 304 320 0
w 304 320 272 320 0
w 944 352 752 352 0
w 752 352 560 352 0
w 560 352 368 352 0
w 368 352 272 352 0
s 288 448 288 384 0 1 false
s 480 448 480 384 0 1 false
s 688 448 688 384 0 1 false
s 880 448 880 384 0 1 false
s 144 320 208 320 0 1 false
s 144 352 208 352 0 1 false
w 656 208 656 192 0
w 848 208 848 192 0
w 1040 208 1040 192 0
w 464 208 464 192 0
162 464 192 464 144 2 default-led 1 0 0 0.01
162 656 192 656 144 2 default-led 1 0 0 0.01
162 848 192 848 144 2 default-led 1 0 0 0.01
162 1040 192 1040 144 2 default-led 1 0 0 0.01
g 1152 128 1152 144 0
w 1152 128 1040 128 0
w 1040 128 1040 144 0
w 1040 128 848 128 0
w 848 128 848 144 0
w 848 128 656 128 0
w 656 128 656 144 0
w 656 128 464 128 0
w 464 128 464 144 0
w 880 448 880 480 0
w 880 480 688 480 0
w 688 448 688 480 0
w 688 480 480 480 0
w 480 448 480 480 0
w 480 480 288 480 0
w 288 448 288 480 0
w 288 480 144 480 0
w 144 480 96 480 0
w 144 352 112 352 0
w 144 320 96 320 0
w 112 352 96 352 0
w 208 352 224 352 0
w 224 352 240 352 0
w 240 352 272 352 0
w 208 320 240 320 0
w 240 320 272 320 0
I 368 352 368 272 0 0.5 5
I 560 352 560 272 0 0.5 5
I 752 352 752 272 0 0.5 5
I 944 352 944 272 0 0.5 5
162 288 384 336 384 2 default-led 1 0 0 0.01
162 480 384 528 384 2 default-led 1 0 0 0.01
162 688 384 736 384 2 default-led 1 0 0 0.01
162 880 384 928 384 2 default-led 1 0 0 0.01
w 336 384 336 368 0
w 336 368 528 368 0
w 528 368 528 384 0
w 528 368 736 368 0
w 736 368 736 384 0
w 736 368 928 368 0
w 928 368 928 384 0
g 1008 384 1008 400 0
w 928 368 1008 368 0
w 1008 368 1008 384 0
162 208 384 256 384 2 default-led 1 0 0 0.01
162 208 288 256 288 2 default-led 1 0 0 0.01
w 208 288 208 320 0
w 208 384 208 352 0
w 256 384 256 368 0
w 256 368 336 368 0
w 256 288 256 368 0
w 96 480 96 352 0
w 96 352 96 320 0
w 96 320 96 256 0
s 96 256 96 192 0 1 false
R 96 192 96 128 0 0 40 5 0 0 0.5
x 128 196 188 199 4 16 POWER
x 164 376 175 379 4 16 H
x 164 293 172 296 4 16 L
x 854 421 862 424 4 16 L
x 852 421 860 424 4 16 L
x 653 421 661 424 4 16 L
x 655 421 663 424 4 16 L
x 447 419 455 422 4 16 L
x 449 419 457 422 4 16 L
x 260 422 268 425 4 16 L
x 262 422 270 425 4 16 L
x 894 421 905 424 4 16 H
x 703 423 714 426 4 16 H
x 491 425 502 428 4 16 H
x 304 425 315 428 4 16 H
w 304 240 368 240 0
w 496 240 560 240 0
w 704 240 752 240 0
w 896 240 944 240 0
x 129 404 182 407 4 16 RESET
x 118 304 149 307 4 16 CLK
x 112 234 136 237 4 16 ON
x 39 232 70 235 4 16 OFF
x 488 174 511 177 4 16 QA
x 675 174 698 177 4 16 QB
x 869 173 893 176 4 16 QC
x 1064 174 1088 177 4 16 QD
