$ 1 0.000005 10.20027730826997 50 5 50
s 112 96 112 144 0 1 false
x 142 119 159 122 4 14 S1
r 320 128 320 64 0 330
w 368 384 336 384 0
w 336 384 320 384 0
w 320 384 304 384 0
w 304 384 272 384 0
w 272 384 240 384 0
w 240 384 224 384 0
w 368 384 464 384 0
181 176 48 240 48 0 300 100 220 0.4 0.4
x 502 148 527 151 4 14 TP1
x 181 -6 271 -3 4 14 12V\sAC\sLAMP
206 464 192 432 272 0 0.01 0.0082 100 false
w 112 384 224 384 0
v 112 256 112 208 0 1 50 12 0 0 0.5
x 472 152 479 155 4 14 3
s 320 160 320 208 0 1 true
w 112 208 112 144 0
w 112 96 112 48 0
w 112 48 176 48 0
w 240 48 320 48 0
w 320 48 320 64 0
w 320 48 464 48 0
w 464 48 464 160 0
w 432 256 320 256 0
w 320 208 320 256 0
w 320 128 320 160 0
w 464 272 464 384 0
w 464 384 512 384 0
w 464 192 464 160 0
w 464 160 512 160 0
w 112 256 112 384 0
x 499 370 524 373 4 14 TP2
x 348 185 365 188 4 14 S2
x 477 371 484 374 4 14 4
x 122 90 129 93 4 14 1
x 125 160 132 163 4 14 2
x 334 85 351 88 4 14 R1
