$ 1 0.000005 10.20027730826997 50 5 50
R 176 64 128 64 0 0 40 12 0 0 0.5
s 176 64 224 64 0 1 false
x 191 85 208 88 4 14 S1
j 384 240 432 240 32 -4 0.00125
x 474 196 499 199 4 14 TP2
x 474 257 499 260 4 14 TP3
x 231 219 256 222 4 14 TP1
r 432 176 432 112 0 560
r 432 352 432 288 0 100
r 336 96 400 96 0 4700
174 288 192 288 128 1 100000 0.5 Resistance
c 288 288 288 336 0 1.0000000000000001e-7 1.1774672324402596e-125
w 288 128 288 112 0
w 288 112 240 112 0
w 240 112 240 160 0
w 240 160 272 160 0
w 288 112 288 96 0
w 288 96 336 96 0
w 400 96 432 96 0
w 432 112 432 96 0
w 432 176 432 208 0
w 432 272 432 288 0
w 432 352 416 352 0
w 416 352 384 352 0
w 384 352 368 352 0
w 368 352 336 352 0
w 336 352 304 352 0
w 304 352 288 352 0
w 288 352 288 336 0
w 288 352 272 352 0
w 432 352 480 352 0
w 384 240 288 240 0
w 288 192 288 240 0
w 288 240 288 288 0
w 288 240 256 240 0
w 432 208 480 208 0
w 432 272 480 272 0
w 432 224 432 208 0
w 432 256 432 272 0
w 224 64 432 64 0
w 432 64 432 96 0
g 368 352 368 384 0
x 468 224 475 227 4 14 4
x 252 259 259 262 4 14 3
x 234 55 241 58 4 14 2
x 173 52 180 55 4 14 1
x 472 292 479 295 4 14 5
x 255 343 262 346 4 14 6
x 473 341 480 344 4 14 7
x 330 85 347 88 4 14 R1
x 450 310 467 313 4 14 R3
x 309 302 326 305 4 14 C1
x 300 137 317 140 4 14 P1
x 444 136 461 139 4 14 R2
x 356 343 381 346 4 14 TP4
