$ 1 0.000005 10.20027730826997 50 5 50
r 640 112 704 112 0 10000
r 752 304 752 368 0 10000
r 592 304 592 368 0 4700
v 464 288 464 368 0 1 40 5 0 0 0.5
s 464 288 464 224 0 1 false
a 640 208 752 208 0 15 -15 1000000 0 0
s 384 112 464 112 0 1 false
R 384 112 320 112 0 0 40 12 0 0 0.5
w 640 192 592 192 0
w 592 192 592 304 0
w 592 192 592 112 0
w 592 112 640 112 0
w 704 112 752 112 0
w 752 112 752 208 0
w 752 208 784 208 0
w 752 208 752 304 0
w 640 224 464 224 0
w 464 368 592 368 0
w 592 368 752 368 0
g 592 368 592 400 0
w 752 368 784 368 0
w 464 224 416 224 0
207 784 208 816 208 0 TP2
207 784 368 816 368 0 TP3
207 416 224 384 224 0 TP1
x 416 136 435 139 4 16 S1
x 476 262 495 265 4 16 S2
x 381 100 388 103 4 14 1
x 463 96 470 99 4 14 2
x 457 210 464 213 4 14 3
x 778 197 785 200 4 14 4
x 446 365 453 368 4 14 5
x 774 361 781 364 4 14 6
x 609 326 629 329 4 16 R1
x 765 329 785 332 4 16 R2
x 663 91 679 94 4 16 Rf
