$ 1 0.000005 8.281975887399955 51 5 50
R 128 112 80 112 0 0 40 28 0 0 0.5
R 128 160 80 160 0 0 40 28 0 0 0.5
S 288 112 320 112 0 0 false 0 2
S 368 112 400 112 0 0 false 0 2
S 480 112 528 112 0 1 false 0 2
S 448 240 480 240 0 1 false 0 2
178 432 368 480 368 1 2 0.2 0 0.05 1000000 0.02 20
178 672 288 704 288 0 1 0.2 0 0.05 1000000 0.02 20
178 880 336 848 336 0 2 0.2 0 0.05 1000000 0.02 20
l 1040 160 1104 160 0 1 0
l 1040 224 1104 224 0 1 0
w 1104 160 1104 192 0
w 1104 192 1104 224 0
w 400 96 448 96 0
w 448 96 448 112 0
w 448 112 480 112 0
w 320 96 320 64 0
w 320 64 448 64 0
w 448 64 448 96 0
w 528 96 656 96 0
w 656 96 720 96 0
w 720 96 800 96 0
w 800 96 864 96 0
w 864 96 976 96 0
w 976 96 1008 96 0
w 240 160 240 192 0
w 240 192 352 192 0
w 352 192 352 112 0
w 352 112 368 112 0
w 400 128 400 160 0
w 400 160 656 160 0
w 656 160 656 96 0
S 224 352 256 352 0 0 false 0 2
w 128 208 128 352 0
w 128 352 160 352 0
w 160 352 224 352 0
w 256 336 352 336 0
w 352 336 400 336 0
w 400 336 400 320 0
w 400 320 432 320 0
w 128 352 128 384 0
w 128 384 384 384 0
w 384 384 384 368 0
w 384 368 432 368 0
w 400 320 400 240 0
w 400 240 448 240 0
w 480 256 528 256 0
w 528 256 528 400 0
w 528 400 480 400 0
g 480 416 480 448 0
w 528 256 560 256 0
w 560 256 560 320 0
w 624 352 624 320 0
w 624 320 672 320 0
g 672 336 672 368 0
w 480 384 624 384 0
w 624 384 624 352 0
R 128 208 80 208 0 0 40 28 0 0 0.5
w 480 336 560 336 0
w 560 336 560 320 0
w 528 128 608 128 0
w 608 128 608 288 0
w 608 288 672 288 0
w 704 304 768 304 0
w 768 304 768 160 0
w 704 272 816 272 0
w 816 272 816 304 0
w 816 304 848 304 0
g 928 336 928 352 0
w 880 288 1008 288 0
w 1008 288 1008 240 0
w 816 304 816 416 0
w 816 416 880 416 0
w 880 416 880 384 0
w 880 368 912 368 0
w 912 368 912 352 0
w 848 352 912 352 0
w 912 368 912 400 0
w 912 400 960 400 0
g 976 384 976 416 0
w 1008 96 1008 144 0
w 768 160 768 144 0
w 768 144 1008 144 0
S 976 384 960 384 0 1 false 0 2
d 128 160 176 160 1 0.805904783
w 176 160 240 160 0
d 128 112 176 112 1 0.805904783
w 176 112 288 112 0
162 1104 192 1056 192 1 2.1024259 1 0 0 0.01
g 976 192 976 208 0
x 157 45 342 48 4 18 hyd\ssys\s1\sair\s/gnd\srelay
x 477 145 600 148 4 18 TE\sflaps\sup\ssw.
x 377 434 611 437 4 16 LE\sstdby\sdrive\sshutoff\svalve\srelay
x 160 403 292 406 4 18 Alt.flaps\sarm\ssw.
x 362 50 547 53 4 18 hyd\ssys\s2\sair\s/gnd\srelay
x 290 231 445 234 4 18 Alt.flaps\scontrol\ssw.
x 575 358 776 361 4 16 \sstdby\sshutoff\svalve\sind\srelay
x 867 318 1012 321 4 16 hyd\ssys\sB\sEDP\srelay
x 976 366 1149 369 4 16 EDP\spressure\ssw(sys\sB)
x 896 421 966 424 4 16 <2350\spsı
x 648 264 694 267 4 16 closed
x 451 272 489 275 4 16 down
x 258 329 285 332 4 16 arm
x 265 375 282 378 4 16 off
x 400 87 417 90 4 16 air
x 411 135 460 138 4 16 graund
x 297 89 314 92 4 16 air
x 263 130 312 133 4 16 graund
x 537 86 598 89 4 16 Flaps\sup
x 543 121 635 124 4 16 Flaps\s\snot\sup
x -48 231 116 234 4 12 flight\scon.flap\sshutoff\svalve\sC/B
x -81 178 133 181 4 12 Hyd\ssys.PTU/LG\sbypass\svalve\sctrl\s1\sC/B
x -84 99 130 102 4 12 Hyd\ssys.PTU/LG\sbypass\svalve\sctrl\s2\sC/B
x 1085 147 1131 150 4 16 closed
x 1072 244 1107 247 4 16 open
x 1116 194 1273 197 4 20 PTU\scontrol\svalve
w 1008 240 1008 224 0
w 1008 224 1040 224 0
w 1008 144 1008 160 0
w 1008 160 1040 160 0
r 1008 192 1056 192 0 1000
w 928 336 880 336 0
w 1008 192 976 192 0
