$ 1 0.000005 114.32915054483153 61 5 50
R 128 112 96 112 0 0 60 5 0 0 0.5
s 128 112 160 112 0 1 false
r 320 128 320 208 0 5000
w 160 112 208 112 0
w 320 112 320 128 0
174 320 304 304 256 0 10000 0.44060000000000005 Resistance
w 320 208 320 224 0
g 160 320 160 352 0
w 160 320 208 320 0
p 256 224 320 224 1 0
w 320 304 320 320 0
w 320 224 320 240 0
r 208 112 208 192 0 10000
r 208 240 208 320 0 10000
w 208 224 208 240 0
w 208 192 208 224 0
w 208 320 320 320 0
w 208 112 320 112 0
w 304 272 288 272 0
w 288 272 288 304 0
w 288 304 320 304 0
x 224 144 241 147 4 14 R1
x 329 159 346 162 4 14 R2
x 222 271 239 274 4 14 R3
x 334 268 350 271 4 14 T1
s 208 224 256 224 0 1 false
x 225 236 242 239 4 14 S1
x 200 99 206 102 4 12 1
x 332 224 338 227 4 12 3
x 194 221 200 224 4 12 2
