$ 1 0.000005 10.20027730826997 50 5 50
w 80 128 96 160 0
w 96 192 144 128 0
w 96 192 96 256 0
w 96 256 176 256 0
w 176 256 176 128 0
w 240 128 240 256 0
w 256 256 256 128 0
r 256 128 304 256 0 1000
w 304 256 304 128 0
w 304 128 400 128 0
w 352 128 352 256 0
w 352 256 384 256 0
w 432 256 432 128 0
w 432 128 496 128 0
w 432 192 464 192 0
w 432 256 496 256 0
w 496 256 512 256 0
w 512 256 512 128 0
r 512 128 560 224 0 1
r 560 224 608 128 0 1
w 608 128 608 256 0
g 80 128 48 128 0
s 384 256 432 256 0 0 false
R 608 256 640 256 0 2 40 5 0 0 0.5
w 352 128 400 128 0
w 240 256 256 256 0
w 176 256 224 256 0
w 96 160 144 128 0
l 240 128 176 128 0 1 0.004958854363729196
o 28 64 0 4099 10 0.0125 0 2 28 3
